98.9592 -88.7593
64.3994 26.8191
58.8503 -156.991
118.609 -7.08774
-9.75572 7.24807
146.965 -141.223
43.3326 48.0323
-37.6878 -86.2956
185.318 78.9064
-15.9832 97.4754
47.6123 -74.5266
68.7623 101.9
123.033 92.0618
98.7172 -58.831
70.2882 -33.2852
77.0437 -46.7886
8.78088 43.827
190.587 40.9864
96.0933 -99.1126
29.5554 44.0525
95.0501 80.5952
-17.3723 6.83755
110.04 -163.154
62.8925 71.072
2.73693 67.1692
59.0511 -89.3467
54.4972 66.4969
133.28 136.047
291.595 -12.9677
135.03 -149.037
149.561 -172.549
214.882 16.8558
192.717 140.323
203.585 121.478
279.262 83.7958
245.947 -104.371
120.372 -156.255
86.5611 -90.0356
86.412 -2.48707
-36.5026 35.739
-38.2793 -72.5831
90.0261 87.4579
79.0404 0.692668
53.0406 -150.214
255.782 -78.3571
155.46 28.9357
32.548 2.47782
135.659 144.632
32.048 36.8455
121.083 -111.707
-25.6528 17.5713
120.781 -2.52575
104.626 73.7634
-1.79351 54.1481
258.422 8.4969
29.847 140.5
63.8013 -140.066
211.687 -98.4155
118.036 17.4826
53.6399 18.4916
99.5544 177.214
168.988 -80.4478
102.55 134.626
-50.758 -32.6428
160.254 79.462
60.8412 136.787
244.983 -101.936
143.871 51.0074
-4.96521 4.4647
138.151 75.1844
-7.56164 -16.8293
196.508 120.725
256.002 -75.8206
224.578 -3.7536
-26.1105 21.2185
60.2564 151.218
36.6068 -3.77746
89.2602 156.891
125.322 -61.0652
192.793 59.1054
15.8715 -7.63886
197.628 -49.4221
126.186 30.7228
51.7241 79.3291
206.023 -110.94
85.8285 -138.091
-8.68857 102.51
138.621 157.764
33.5749 80.9802
22.3806 -31.1512
-46.49 -61.9795
204.081 2.1848
91.0905 -34.0746
184.24 24.3426
184.592 17.9005
205.986 -85.9308
94.5647 92.7753
126.425 -79.9183
50.7041 75.805
211.101 -92.8322
269.585 27.9739
-7.51504 -43.2501
126.78 110.503
224.795 -92.6177
-4.61033 31.7956
151.046 83.2198
79.8087 142.705
176.95 -125.232
25.9692 -36.8795
58.6539 -126.075
164.236 -113.545
242.027 -132.305
-10.6814 74.0044
278.404 61.4975
-20.8419 19.1797
16.875 -13.7917
42.1754 -43.1878
80.3471 101.643
247.578 -70.2589
22.7513 -143.771
66.0293 75.0339
61.3874 -15.4794
-12.8515 44.0414
85.635 166.887
72.142 161.405
-43.6237 -68.9597
81.4397 -173.488
86.6975 -3.70177
18.2883 136.283
92.382 -30.4588
187.425 -69.0382
190.145 123.677
289.691 -13.3782
87.1059 45.6266
199.27 -152.706
216.92 42.2751
200.407 2.70557
209.04 -76.5861
250.424 -81.2621
153.224 100.974
276.413 27.3505
169.374 -109.655
122.27 44.1598
149.209 10.7411
165.537 20.5818
-49.7797 28.1255
-25.0576 -8.60413
33.6985 49.7334
113.985 163.755
-11.49 121.147
