NbUsers
25
NbNodes
81
NbTypes
2
RRHAvail
81 5 
BBUAvail
81 5 
MECAvail
81 5 
RRHCap
10000 30000 
MECCap
30000 30000 
RRHCost
40000 120000 
BBUCost
440 1307 
MECCost
440 1307 
DHWCost
9240 9240 
CHWCost
4711 4711 
MaxServedUsers
42 126 
MicroConflict
0 0 0 0 0 0 0 0 0 0 0 0 0 0 0 0 0 0 0 0 0 0 0 0 0 0 0 0 0 0 0 0 0 0 0 0 0 0 0 0 0 0 0 0 0 0 0 0 0 0 0 0 0 0 0 0 0 0 0 0 0 0 0 0 0 0 0 0 0 0 0 0 0 0 0 0 0 0 0 0 
0 0 0 0 0 0 0 0 0 0 0 0 0 0 0 0 0 0 0 0 0 0 0 0 0 0 0 0 0 0 0 0 0 0 0 0 0 0 0 0 0 0 0 0 0 0 0 0 0 0 0 0 0 0 0 0 0 0 0 0 0 0 0 0 0 0 0 0 0 0 0 0 0 0 0 0 0 0 0 
0 0 0 0 0 0 0 0 0 0 0 0 0 0 0 0 0 0 0 0 0 0 0 0 0 0 0 0 0 0 0 0 0 0 0 0 0 0 0 0 0 0 0 0 0 0 0 0 0 0 0 0 0 0 0 0 0 0 0 0 0 0 0 0 0 0 0 0 0 0 0 0 0 0 0 0 0 0 
0 0 0 0 0 0 0 0 0 0 0 0 0 0 0 0 0 0 0 0 0 0 0 0 0 0 0 0 0 0 0 0 0 0 0 0 0 0 0 0 0 0 0 0 0 0 0 0 0 0 0 0 0 0 0 0 0 0 0 0 0 0 0 0 0 0 0 0 0 0 0 0 0 0 0 0 0 
0 0 0 0 0 0 0 0 0 0 0 0 0 0 0 0 0 0 0 0 0 0 0 0 0 0 0 0 0 0 0 0 0 0 0 0 0 0 0 0 0 0 0 0 0 0 0 0 0 0 0 0 0 0 0 0 0 0 0 0 0 0 0 0 0 0 0 0 0 0 0 0 0 0 0 0 
0 0 0 0 0 0 0 0 0 0 0 0 0 0 0 0 0 0 0 0 0 0 0 0 0 0 0 0 0 0 0 0 0 0 0 0 0 0 0 0 0 0 0 0 0 0 0 0 0 0 0 0 0 0 0 0 0 0 0 0 0 0 0 0 0 0 0 0 0 0 0 0 0 0 0 
0 0 0 0 0 0 0 0 0 0 0 0 0 0 0 0 0 0 0 0 0 0 0 0 0 0 0 0 0 0 0 0 0 0 0 0 0 0 0 0 0 0 0 0 0 0 0 0 0 0 0 0 0 0 0 0 0 0 0 0 0 0 0 0 0 0 0 0 0 0 0 0 0 0 
0 0 0 0 0 0 0 0 0 0 0 0 0 0 0 0 0 0 0 0 0 0 0 0 0 0 0 0 0 0 0 0 0 0 0 0 0 0 0 0 0 0 0 0 0 0 0 0 0 0 0 0 0 0 0 0 0 0 0 0 0 0 0 0 0 0 0 0 0 0 0 0 0 
0 0 0 0 0 0 0 0 0 0 0 0 0 0 0 0 0 0 0 0 0 0 0 0 0 0 0 0 0 0 0 0 0 0 0 0 0 0 0 0 0 0 0 0 0 0 0 0 0 0 0 0 0 0 0 0 0 0 0 0 0 0 0 0 0 0 0 0 0 0 0 0 
0 0 0 0 0 0 0 0 0 0 0 0 0 0 0 0 0 0 0 0 0 0 0 0 0 0 0 0 0 0 0 0 0 0 0 0 0 0 0 0 0 0 0 0 0 0 0 0 0 0 0 0 0 0 0 0 0 0 0 0 0 0 0 0 0 0 0 0 0 0 0 
0 0 0 0 0 0 0 0 0 0 0 0 0 0 0 0 0 0 0 0 0 0 0 0 0 0 0 0 0 0 0 0 0 0 0 0 0 0 0 0 0 0 0 0 0 0 0 0 0 0 0 0 0 0 0 0 0 0 0 0 0 0 0 0 0 0 0 0 0 0 
0 0 0 0 0 0 0 0 0 0 0 0 0 0 0 0 0 0 0 0 0 0 0 0 0 0 0 0 0 0 0 0 0 0 0 0 0 0 0 0 0 0 0 0 0 0 0 0 0 0 0 0 0 0 0 0 0 0 0 0 0 0 0 0 0 0 0 0 0 
0 0 0 0 0 0 0 0 0 0 0 0 0 0 0 0 0 0 0 0 0 0 0 0 0 0 0 0 0 0 0 0 0 0 0 0 0 0 0 0 0 0 0 0 0 0 0 0 0 0 0 0 0 0 0 0 0 0 0 0 0 0 0 0 0 0 0 0 
0 0 0 0 0 0 0 0 0 0 0 0 0 0 0 0 0 0 0 0 0 0 0 0 0 0 0 0 0 0 0 0 0 0 0 0 0 0 0 0 0 0 0 0 0 0 0 0 0 0 0 0 0 0 0 0 0 0 0 0 0 0 0 0 0 0 0 
0 0 0 0 0 0 0 0 0 0 0 0 0 0 0 0 0 0 0 0 0 0 0 0 0 0 0 0 0 0 0 0 0 0 0 0 0 0 0 0 0 0 0 0 0 0 0 0 0 0 0 0 0 0 0 0 0 0 0 0 0 0 0 0 0 0 
0 0 0 0 0 0 0 0 0 0 0 0 0 0 0 0 0 0 0 0 0 0 0 0 0 0 0 0 0 0 0 0 0 0 0 0 0 0 0 0 0 0 0 0 0 0 0 0 0 0 0 0 0 0 0 0 0 0 0 0 0 0 0 0 0 
0 0 0 0 0 0 0 0 0 0 0 0 0 0 0 0 0 0 0 0 0 0 0 0 0 0 0 0 0 0 0 0 0 0 0 0 0 0 0 0 0 0 0 0 0 0 0 0 0 0 0 0 0 0 0 0 0 0 0 0 0 0 0 0 
0 0 0 0 0 0 0 0 0 0 0 0 0 0 0 0 0 0 0 0 0 0 0 0 0 0 0 0 0 0 0 0 0 0 0 0 0 0 0 0 0 0 0 0 0 0 0 0 0 0 0 0 0 0 0 0 0 0 0 0 0 0 0 
0 0 0 0 0 0 0 0 0 0 0 0 0 0 0 0 0 0 0 0 0 0 0 0 0 0 0 0 0 0 0 0 0 0 0 0 0 0 0 0 0 0 0 0 0 0 0 0 0 0 0 0 0 0 0 0 0 0 0 0 0 0 
0 0 0 0 0 0 0 0 0 0 0 0 0 0 0 0 0 0 0 0 0 0 0 0 0 0 0 0 0 0 0 0 0 0 0 0 0 0 0 0 0 0 0 0 0 0 0 0 0 0 0 0 0 0 0 0 0 0 0 0 0 
0 0 0 0 0 0 0 0 0 0 0 0 0 0 0 0 0 0 0 0 0 0 0 0 0 0 0 0 0 0 0 0 0 0 0 0 0 0 0 0 0 0 0 0 0 0 0 0 0 0 0 0 0 0 0 0 0 0 0 0 
0 0 0 0 0 0 0 0 0 0 0 0 0 0 0 0 0 0 0 0 0 0 0 0 0 0 0 0 0 0 0 0 0 0 0 0 0 0 0 0 0 0 0 0 0 0 0 0 0 0 0 0 0 0 0 0 0 0 0 
0 0 0 0 0 0 0 0 0 0 0 0 0 0 0 0 0 0 0 0 0 0 0 0 0 0 0 0 0 0 0 0 0 0 0 0 0 0 0 0 0 0 0 0 0 0 0 0 0 0 0 0 0 0 0 0 0 0 
0 0 0 0 0 0 0 0 0 0 0 0 0 0 0 0 0 0 0 0 0 0 0 0 0 0 0 0 0 0 0 0 0 0 0 0 0 0 0 0 0 0 0 0 0 0 0 0 0 0 0 0 0 0 0 0 0 
0 0 0 0 0 0 0 0 0 0 0 0 0 0 0 0 0 0 0 0 0 0 0 0 0 0 0 0 0 0 0 0 0 0 0 0 0 0 0 0 0 0 0 0 0 0 0 0 0 0 0 0 0 0 0 0 
0 0 0 0 0 0 0 0 0 0 0 0 0 0 0 0 0 0 0 0 0 0 0 0 0 0 0 0 0 0 0 0 0 0 0 0 0 0 0 0 0 0 0 0 0 0 0 0 0 0 0 0 0 0 0 
0 0 0 0 0 0 0 0 0 0 0 0 0 0 0 0 0 0 0 0 0 0 0 0 0 0 0 0 0 0 0 0 0 0 0 0 0 0 0 0 0 0 0 0 0 0 0 0 0 0 0 0 0 0 
0 0 0 0 0 0 0 0 0 0 0 0 0 0 0 0 0 0 0 0 0 0 0 0 0 0 0 0 0 0 0 0 0 0 0 0 0 0 0 0 0 0 0 0 0 0 0 0 0 0 0 0 0 
0 0 0 0 0 0 0 0 0 0 0 0 0 0 0 0 0 0 0 0 0 0 0 0 0 0 0 0 0 0 0 0 0 0 0 0 0 0 0 0 0 0 0 0 0 0 0 0 0 0 0 0 
0 0 0 0 0 0 0 0 0 0 0 0 0 0 0 0 0 0 0 0 0 0 0 0 0 0 0 0 0 0 0 0 0 0 0 0 0 0 0 0 0 0 0 0 0 0 0 0 0 0 0 
0 0 0 0 0 0 0 0 0 0 0 0 0 0 0 0 0 0 0 0 0 0 0 0 0 0 0 0 0 0 0 0 0 0 0 0 0 0 0 0 0 0 0 0 0 0 0 0 0 0 
0 0 0 0 0 0 0 0 0 0 0 0 0 0 0 0 0 0 0 0 0 0 0 0 0 0 0 0 0 0 0 0 0 0 0 0 0 0 0 0 0 0 0 0 0 0 0 0 0 
0 0 0 0 0 0 0 0 0 0 0 0 0 0 0 0 0 0 0 0 0 0 0 0 0 0 0 0 0 0 0 0 0 0 0 0 0 0 0 0 0 0 0 0 0 0 0 0 
0 0 0 0 0 0 0 0 0 0 0 0 0 0 0 0 0 0 0 0 0 0 0 0 0 0 0 0 0 0 0 0 0 0 0 0 0 0 0 0 0 0 0 0 0 0 0 
0 0 0 0 0 0 0 0 0 0 0 0 0 0 0 0 0 0 0 0 0 0 0 0 0 0 0 0 0 0 0 0 0 0 0 0 0 0 0 0 0 0 0 0 0 0 
0 0 0 0 0 0 0 0 0 0 0 0 0 0 0 0 0 0 0 0 0 0 0 0 0 0 0 0 0 0 0 0 0 0 0 0 0 0 0 0 0 0 0 0 0 
0 0 0 0 0 0 0 0 0 0 0 0 0 0 0 0 0 0 0 0 0 0 0 0 0 0 0 0 0 0 0 0 0 0 0 0 0 0 0 0 0 0 0 0 
0 0 0 0 0 0 0 0 0 0 0 0 0 0 0 0 0 0 0 0 0 0 0 0 0 0 0 0 0 0 0 0 0 0 0 0 0 0 0 0 0 0 0 
0 0 0 0 0 0 0 0 0 0 0 0 0 0 0 0 0 0 0 0 0 0 0 0 0 0 0 0 0 0 0 0 0 0 0 0 0 0 0 0 0 0 
0 0 0 0 0 0 0 0 0 0 0 0 0 0 0 0 0 0 0 0 0 0 0 0 0 0 0 0 0 0 0 0 0 0 0 0 0 0 0 0 0 
0 0 0 0 0 0 0 0 0 0 0 0 0 0 0 0 0 0 0 0 0 0 0 0 0 0 0 0 0 0 0 0 0 0 0 0 0 0 0 0 
0 0 0 0 0 0 0 0 0 0 0 0 0 0 0 0 0 0 0 0 0 0 0 0 0 0 0 0 0 0 0 0 0 0 0 0 0 0 0 
0 0 0 0 0 0 0 0 0 0 0 0 0 0 0 0 0 0 0 0 0 0 0 0 0 0 0 0 0 0 0 0 0 0 0 0 0 0 
0 0 0 0 0 0 0 0 0 0 0 0 0 0 0 0 0 0 0 0 0 0 0 0 0 0 0 0 0 0 0 0 0 0 0 0 0 
0 0 0 0 0 0 0 0 0 0 0 0 0 0 0 0 0 0 0 0 0 0 0 0 0 0 0 0 0 0 0 0 0 0 0 0 
0 0 0 0 0 0 0 0 0 0 0 0 0 0 0 0 0 0 0 0 0 0 0 0 0 0 0 0 0 0 0 0 0 0 0 
0 0 0 0 0 0 0 0 0 0 0 0 0 0 0 0 0 0 0 0 0 0 0 0 0 0 0 0 0 0 0 0 0 0 
0 0 0 0 0 0 0 0 0 0 0 0 0 0 0 0 0 0 0 0 0 0 0 0 0 0 0 0 0 0 0 0 0 
0 0 0 0 0 0 0 0 0 0 0 0 0 0 0 0 0 0 0 0 0 0 0 0 0 0 0 0 0 0 0 0 
0 0 0 0 0 0 0 0 0 0 0 0 0 0 0 0 0 0 0 0 0 0 0 0 0 0 0 0 0 0 0 
0 0 0 0 0 0 0 0 0 0 0 0 0 0 0 0 0 0 0 0 0 0 0 0 0 0 0 0 0 0 
0 0 0 0 0 0 0 0 0 0 0 0 0 0 0 0 0 0 0 0 0 0 0 0 0 0 0 0 0 
0 0 0 0 0 0 0 0 0 0 0 0 0 0 0 0 0 0 0 0 0 0 0 0 0 0 0 0 
0 0 0 0 0 0 0 0 0 0 0 0 0 0 0 0 0 0 0 0 0 0 0 0 0 0 0 
0 0 0 0 0 0 0 0 0 0 0 0 0 0 0 0 0 0 0 0 0 0 0 0 0 0 
0 0 0 0 0 0 0 0 0 0 0 0 0 0 0 0 0 0 0 0 0 0 0 0 0 
0 0 0 0 0 0 0 0 0 0 0 0 0 0 0 0 0 0 0 0 0 0 0 0 
0 0 0 0 0 0 0 0 0 0 0 0 0 0 0 0 0 0 0 0 0 0 0 
0 0 0 0 0 0 0 0 0 0 0 0 0 0 0 0 0 0 0 0 0 0 
0 0 0 0 0 0 0 0 0 0 0 0 0 0 0 0 0 0 0 0 0 
0 0 0 0 0 0 0 0 0 0 0 0 0 0 0 0 0 0 0 0 
0 0 0 0 0 0 0 0 0 0 0 0 0 0 0 0 0 0 0 
0 0 0 0 0 0 0 0 0 0 0 0 0 0 0 0 0 0 
0 0 0 0 0 0 0 0 0 0 0 0 0 0 0 0 0 
0 0 0 0 0 0 0 0 0 0 0 0 0 0 0 0 
0 0 0 0 0 0 0 0 0 0 0 0 0 0 0 
0 0 0 0 0 0 0 0 0 0 0 0 0 0 
0 0 0 0 0 0 0 0 0 0 0 0 0 
0 0 0 0 0 0 0 0 0 0 0 0 
0 0 0 0 0 0 0 0 0 0 0 
0 0 0 0 0 0 0 0 0 0 
0 0 0 0 0 0 0 0 0 
0 0 0 0 0 0 0 0 
0 0 0 0 0 0 0 
0 0 0 0 0 0 
0 0 0 0 0 
0 0 0 0 
0 0 0 
0 0 
0 
MacroConflict
1 1 1 1 1 1 0 0 1 1 1 1 1 1 1 0 0 1 1 1 1 1 1 1 0 0 1 1 1 1 1 1 0 0 0 1 1 1 1 1 1 0 0 0 1 1 1 1 1 0 0 0 0 1 1 1 0 0 0 0 0 0 0 0 0 0 0 0 0 0 0 0 0 0 0 0 0 0 0 0 
1 1 1 1 1 1 0 1 1 1 1 1 1 1 1 0 1 1 1 1 1 1 1 1 0 1 1 1 1 1 1 1 0 0 1 1 1 1 1 1 1 0 0 1 1 1 1 1 1 0 0 0 1 1 1 1 0 0 0 0 0 0 0 0 0 0 0 0 0 0 0 0 0 0 0 0 0 0 0 
1 1 1 1 1 1 1 1 1 1 1 1 1 1 1 1 1 1 1 1 1 1 1 1 1 1 1 1 1 1 1 1 0 1 1 1 1 1 1 1 1 0 1 1 1 1 1 1 1 0 0 1 1 1 1 1 0 0 0 0 0 0 0 0 0 0 0 0 0 0 0 0 0 0 0 0 0 0 
1 1 1 1 1 1 1 1 1 1 1 1 1 1 1 1 1 1 1 1 1 1 1 1 1 1 1 1 1 1 1 1 1 1 1 1 1 1 1 1 1 1 1 1 1 1 1 1 1 0 0 1 1 1 1 1 0 0 0 0 0 0 0 0 0 0 0 0 0 0 0 0 0 0 0 0 0 
1 1 1 1 1 1 1 1 1 1 1 1 1 1 1 1 1 1 1 1 1 1 1 1 1 1 1 1 1 1 1 1 1 1 1 1 1 1 1 1 1 1 1 1 1 1 1 1 1 0 0 1 1 1 1 1 0 0 0 0 0 0 0 0 0 0 0 0 0 0 0 0 0 0 0 0 
1 1 1 1 1 1 1 1 1 1 1 1 1 1 1 1 1 1 1 1 1 1 1 1 1 1 1 1 1 1 1 1 1 1 1 1 1 1 1 0 1 1 1 1 1 1 1 1 0 0 0 1 1 1 1 1 0 0 0 0 0 0 0 0 0 0 0 0 0 0 0 0 0 0 0 
1 1 1 1 1 1 1 1 1 1 1 1 1 1 1 1 1 1 1 1 0 1 1 1 1 1 1 1 1 0 1 1 1 1 1 1 1 1 0 0 1 1 1 1 1 1 1 0 0 0 0 1 1 1 1 1 0 0 0 0 0 0 0 0 0 0 0 0 0 0 0 0 0 0 
1 0 1 1 1 1 1 1 1 1 0 1 1 1 1 1 1 1 1 0 0 1 1 1 1 1 1 1 0 0 1 1 1 1 1 1 1 0 0 0 1 1 1 1 1 1 0 0 0 0 0 1 1 1 1 0 0 0 0 0 0 0 0 0 0 0 0 0 0 0 0 0 0 
0 0 1 1 1 1 1 1 1 0 0 1 1 1 1 1 1 1 0 0 0 1 1 1 1 1 1 0 0 0 1 1 1 1 1 1 0 0 0 0 1 1 1 1 1 0 0 0 0 0 0 1 1 1 0 0 0 0 0 0 0 0 0 0 0 0 0 0 0 0 0 0 
1 1 1 1 1 1 0 0 1 1 1 1 1 1 1 0 0 1 1 1 1 1 1 1 0 0 1 1 1 1 1 1 0 0 0 1 1 1 1 1 1 0 0 0 1 1 1 1 1 0 0 0 0 1 1 1 0 0 0 0 0 0 0 0 0 0 0 0 0 0 0 
1 1 1 1 1 1 0 1 1 1 1 1 1 1 1 0 1 1 1 1 1 1 1 1 0 1 1 1 1 1 1 1 0 0 1 1 1 1 1 1 1 0 0 1 1 1 1 1 1 0 0 0 1 1 1 1 0 0 0 0 0 0 0 0 0 0 0 0 0 0 
1 1 1 1 1 1 1 1 1 1 1 1 1 1 1 1 1 1 1 1 1 1 1 1 1 1 1 1 1 1 1 1 0 1 1 1 1 1 1 1 1 0 1 1 1 1 1 1 1 0 0 1 1 1 1 1 0 0 0 0 0 0 0 0 0 0 0 0 0 
1 1 1 1 1 1 1 1 1 1 1 1 1 1 1 1 1 1 1 1 1 1 1 1 1 1 1 1 1 1 1 1 1 1 1 1 1 1 1 1 1 1 1 1 1 1 1 1 1 0 0 1 1 1 1 1 0 0 0 0 0 0 0 0 0 0 0 0 
1 1 1 1 1 1 1 1 1 1 1 1 1 1 1 1 1 1 1 1 1 1 1 1 1 1 1 1 1 1 1 1 1 1 1 1 1 1 1 1 1 1 1 1 1 1 1 1 1 0 0 1 1 1 1 1 0 0 0 0 0 0 0 0 0 0 0 
1 1 1 1 1 1 1 1 1 1 1 1 1 1 1 1 1 1 1 1 1 1 1 1 1 1 1 1 1 1 1 1 1 1 1 1 1 1 1 0 1 1 1 1 1 1 1 1 0 0 0 1 1 1 1 1 0 0 0 0 0 0 0 0 0 0 
1 1 1 1 1 1 1 1 1 1 1 1 1 1 1 1 1 1 1 1 0 1 1 1 1 1 1 1 1 0 1 1 1 1 1 1 1 1 0 0 1 1 1 1 1 1 1 0 0 0 0 1 1 1 1 1 0 0 0 0 0 0 0 0 0 
1 0 1 1 1 1 1 1 1 1 0 1 1 1 1 1 1 1 1 0 0 1 1 1 1 1 1 1 0 0 1 1 1 1 1 1 1 0 0 0 1 1 1 1 1 1 0 0 0 0 0 1 1 1 1 0 0 0 0 0 0 0 0 0 
0 0 1 1 1 1 1 1 1 0 0 1 1 1 1 1 1 1 0 0 0 1 1 1 1 1 1 0 0 0 1 1 1 1 1 1 0 0 0 0 1 1 1 1 1 0 0 0 0 0 0 1 1 1 0 0 0 0 0 0 0 0 0 
1 1 1 1 1 1 0 0 1 1 1 1 1 1 1 0 0 1 1 1 1 1 1 1 0 0 1 1 1 1 1 1 0 0 0 1 1 1 1 1 1 0 0 0 1 1 1 1 1 0 0 0 0 1 1 1 0 0 0 0 0 0 
1 1 1 1 1 1 0 1 1 1 1 1 1 1 1 0 1 1 1 1 1 1 1 1 0 1 1 1 1 1 1 1 0 0 1 1 1 1 1 1 1 0 0 1 1 1 1 1 1 0 0 0 1 1 1 1 0 0 0 0 0 
1 1 1 1 1 1 1 1 1 1 1 1 1 1 1 1 1 1 1 1 1 1 1 1 1 1 1 1 1 1 1 1 0 1 1 1 1 1 1 1 1 0 1 1 1 1 1 1 1 0 0 1 1 1 1 1 0 0 0 0 
1 1 1 1 1 1 1 1 1 1 1 1 1 1 1 1 1 1 1 1 1 1 1 1 1 1 1 1 1 1 1 1 1 1 1 1 1 1 1 1 1 1 1 1 1 1 1 1 1 0 0 1 1 1 1 1 0 0 0 
1 1 1 1 1 1 1 1 1 1 1 1 1 1 1 1 1 1 1 1 1 1 1 1 1 1 1 1 1 1 1 1 1 1 1 1 1 1 1 1 1 1 1 1 1 1 1 1 1 0 0 1 1 1 1 1 0 0 
1 1 1 1 1 1 1 1 1 1 1 1 1 1 1 1 1 1 1 1 1 1 1 1 1 1 1 1 1 1 1 1 1 1 1 1 1 1 1 0 1 1 1 1 1 1 1 1 0 0 0 1 1 1 1 1 0 
1 1 1 1 1 1 1 1 1 1 1 1 1 1 1 1 1 1 1 1 0 1 1 1 1 1 1 1 1 0 1 1 1 1 1 1 1 1 0 0 1 1 1 1 1 1 1 0 0 0 0 1 1 1 1 1 
1 0 1 1 1 1 1 1 1 1 0 1 1 1 1 1 1 1 1 0 0 1 1 1 1 1 1 1 0 0 1 1 1 1 1 1 1 0 0 0 1 1 1 1 1 1 0 0 0 0 0 1 1 1 1 
0 0 1 1 1 1 1 1 1 0 0 1 1 1 1 1 1 1 0 0 0 1 1 1 1 1 1 0 0 0 1 1 1 1 1 1 0 0 0 0 1 1 1 1 1 0 0 0 0 0 0 1 1 1 
1 1 1 1 1 1 0 0 1 1 1 1 1 1 1 0 0 1 1 1 1 1 1 1 0 0 1 1 1 1 1 1 0 0 0 1 1 1 1 1 1 0 0 0 1 1 1 1 1 0 0 0 0 
1 1 1 1 1 1 0 1 1 1 1 1 1 1 1 0 1 1 1 1 1 1 1 1 0 1 1 1 1 1 1 1 0 0 1 1 1 1 1 1 1 0 0 1 1 1 1 1 1 0 0 0 
1 1 1 1 1 1 1 1 1 1 1 1 1 1 1 1 1 1 1 1 1 1 1 1 1 1 1 1 1 1 1 1 0 1 1 1 1 1 1 1 1 0 1 1 1 1 1 1 1 0 0 
1 1 1 1 1 1 1 1 1 1 1 1 1 1 1 1 1 1 1 1 1 1 1 1 1 1 1 1 1 1 1 1 1 1 1 1 1 1 1 1 1 1 1 1 1 1 1 1 1 0 
1 1 1 1 1 1 1 1 1 1 1 1 1 1 1 1 1 1 1 1 1 1 1 1 1 1 1 1 1 1 1 1 1 1 1 1 1 1 1 1 1 1 1 1 1 1 1 1 1 
1 1 1 1 1 1 1 1 1 1 1 1 1 1 1 1 1 1 1 1 1 1 1 1 1 1 1 1 1 1 1 1 1 1 1 1 1 1 1 0 1 1 1 1 1 1 1 1 
1 1 1 1 1 1 1 1 1 1 1 1 1 1 1 1 1 1 1 1 0 1 1 1 1 1 1 1 1 0 1 1 1 1 1 1 1 1 0 0 1 1 1 1 1 1 1 
1 0 1 1 1 1 1 1 1 1 0 1 1 1 1 1 1 1 1 0 0 1 1 1 1 1 1 1 0 0 1 1 1 1 1 1 1 0 0 0 1 1 1 1 1 1 
0 0 1 1 1 1 1 1 1 0 0 1 1 1 1 1 1 1 0 0 0 1 1 1 1 1 1 0 0 0 1 1 1 1 1 1 0 0 0 0 1 1 1 1 1 
1 1 1 1 1 1 0 0 1 1 1 1 1 1 1 0 0 1 1 1 1 1 1 1 0 0 1 1 1 1 1 1 0 0 0 1 1 1 1 1 1 0 0 0 
1 1 1 1 1 1 0 1 1 1 1 1 1 1 1 0 1 1 1 1 1 1 1 1 0 1 1 1 1 1 1 1 0 0 1 1 1 1 1 1 1 0 0 
1 1 1 1 1 1 1 1 1 1 1 1 1 1 1 1 1 1 1 1 1 1 1 1 1 1 1 1 1 1 1 1 0 1 1 1 1 1 1 1 1 0 
1 1 1 1 1 1 1 1 1 1 1 1 1 1 1 1 1 1 1 1 1 1 1 1 1 1 1 1 1 1 1 1 1 1 1 1 1 1 1 1 1 
1 1 1 1 1 1 1 1 1 1 1 1 1 1 1 1 1 1 1 1 1 1 1 1 1 1 1 1 1 1 1 1 1 1 1 1 1 1 1 1 
1 1 1 1 1 1 1 1 1 1 1 1 1 1 1 1 1 1 1 1 1 1 1 1 1 1 1 1 1 1 1 1 1 1 1 1 1 1 1 
1 1 1 1 1 1 1 1 1 1 1 1 1 1 1 1 1 1 1 1 0 1 1 1 1 1 1 1 1 0 1 1 1 1 1 1 1 1 
1 0 1 1 1 1 1 1 1 1 0 1 1 1 1 1 1 1 1 0 0 1 1 1 1 1 1 1 0 0 1 1 1 1 1 1 1 
0 0 1 1 1 1 1 1 1 0 0 1 1 1 1 1 1 1 0 0 0 1 1 1 1 1 1 0 0 0 1 1 1 1 1 1 
1 1 1 1 1 1 0 0 1 1 1 1 1 1 1 0 0 1 1 1 1 1 1 1 0 0 1 1 1 1 1 1 0 0 0 
1 1 1 1 1 1 0 1 1 1 1 1 1 1 1 0 1 1 1 1 1 1 1 1 0 1 1 1 1 1 1 1 0 0 
1 1 1 1 1 1 1 1 1 1 1 1 1 1 1 1 1 1 1 1 1 1 1 1 1 1 1 1 1 1 1 1 0 
1 1 1 1 1 1 1 1 1 1 1 1 1 1 1 1 1 1 1 1 1 1 1 1 1 1 1 1 1 1 1 1 
1 1 1 1 1 1 1 1 1 1 1 1 1 1 1 1 1 1 1 1 1 1 1 1 1 1 1 1 1 1 1 
1 1 1 1 1 1 1 1 1 1 1 1 1 1 1 1 1 1 1 1 1 1 1 1 1 1 1 1 1 1 
1 1 1 1 1 1 1 1 1 1 1 1 1 1 1 1 1 1 1 1 0 1 1 1 1 1 1 1 1 
1 0 1 1 1 1 1 1 1 1 0 1 1 1 1 1 1 1 1 0 0 1 1 1 1 1 1 1 
0 0 1 1 1 1 1 1 1 0 0 1 1 1 1 1 1 1 0 0 0 1 1 1 1 1 1 
1 1 1 1 1 1 0 0 1 1 1 1 1 1 1 0 0 1 1 1 1 1 1 1 0 0 
1 1 1 1 1 1 0 1 1 1 1 1 1 1 1 0 1 1 1 1 1 1 1 1 0 
1 1 1 1 1 1 1 1 1 1 1 1 1 1 1 1 1 1 1 1 1 1 1 1 
1 1 1 1 1 1 1 1 1 1 1 1 1 1 1 1 1 1 1 1 1 1 1 
1 1 1 1 1 1 1 1 1 1 1 1 1 1 1 1 1 1 1 1 1 1 
1 1 1 1 1 1 1 1 1 1 1 1 1 1 1 1 1 1 1 1 1 
1 1 1 1 1 1 1 1 1 1 1 1 1 1 1 1 1 1 1 1 
1 0 1 1 1 1 1 1 1 1 0 1 1 1 1 1 1 1 1 
0 0 1 1 1 1 1 1 1 0 0 1 1 1 1 1 1 1 
1 1 1 1 1 1 0 0 1 1 1 1 1 1 1 0 0 
1 1 1 1 1 1 0 1 1 1 1 1 1 1 1 0 
1 1 1 1 1 1 1 1 1 1 1 1 1 1 1 
1 1 1 1 1 1 1 1 1 1 1 1 1 1 
1 1 1 1 1 1 1 1 1 1 1 1 1 
1 1 1 1 1 1 1 1 1 1 1 1 
1 1 1 1 1 1 1 1 1 1 1 
1 0 1 1 1 1 1 1 1 1 
0 0 1 1 1 1 1 1 1 
1 1 1 1 1 1 0 0 
1 1 1 1 1 1 0 
1 1 1 1 1 1 
1 1 1 1 1 
1 1 1 1 
1 1 1 
1 1 
1 
CAP_u
406.177 473.386 314.977 659.966 352.965 329.973 470.872 337.787 413.308 297.71 398.82 332.093 415.852 513.069 565.555 374.735 365.645 472.656 364.908 425.481 502.902 314.656 415.185 421.599 540.021 
MicroCAP_unq
8.34033e-06 1.96676e-05 8.15533e-11 6.97886e-11 7.61004e-10 0.00304914 1.80113e-09 2.24247e-08 2.02966e-10 2.2757e-09 1.20652e-05 1.4746e-09 3.17196e-10 6.12202e-06 1.56253e-08 5.42568e-06 7.97061e-08 6.31536e-09 3.20934e-10 9.71355e-06 1.2747e-06 3.47063e-11 1.57639e-08 3.55367e-13 5.27378e-11 
1.54232e-07 1.57804e-09 9.04038e-07 5.12309e-11 9.50735e-09 1.76652e-06 4.95231e-10 0.00216354 8.96959e-12 5.16758e-10 1.53566e-07 1.82751e-10 1.22608e-08 2.15969e-07 0.000310896 2.0384e-08 8.32623e-07 1.40929e-08 1.65896e-06 3.39661e-06 1.38537e-07 5.46632e-05 1.37595e-09 2.36456e-11 4.5426e-08 
1.56313e-08 1.37105e-07 5.60942e-09 1.95008e-10 3.88872e-08 8.17552e-09 2.09929e-08 0.00013909 1.13887e-07 2.50137e-09 8.59996e-08 2.96417e-06 2.70873e-09 4.37974e-05 1.47376e-07 0.000665973 1.82155e-08 1.43064e-07 3.40074e-07 2.87801e-05 8.41198e-06 2.02374e-06 8.80857e-08 4.10039e-14 2.02324e-08 
2.39711e-06 4.42607e-07 3.8796e-08 4.33958e-13 6.77644e-09 1.73125e-08 8.63198e-07 6.90902 1.77319e-09 4.16232e-06 1.50246e-06 0.000116871 1.65661e-06 2.11045e-09 6.10484e-09 0.00859487 1.54464e-05 1.95968e-08 3.33237e-07 0.0245213 3.06586e-07 4.14483e-06 1.99146e-06 4.6266e-12 2.01e-08 
7.05612e-08 7.44996e-08 1.89998e-08 7.48023e-10 6.9263e-09 1.37929e-05 1.85927e-08 5.51964e-05 7.08875e-09 4.43771e-07 8.56998e-08 1.7083e-06 1.49389e-06 1.06811e-05 1.92367e-05 1.23736e-06 1.30934e-05 8.35834e-07 4.98197e-12 2.55281e-06 2.94584e-05 7.90733e-06 4.09996e-07 2.7558e-11 1.34476e-06 
2.46511e-05 0.000139433 7.28536e-07 6.04499e-11 9.20605e-08 2.872e-08 4.66852e-08 0.000127675 1.90354e-07 3.45274e-08 1.16298e-05 1.28236e-05 0.000232842 5.84477e-07 5.91865e-07 0.000117999 7.63677e-09 7.95137e-06 1.69652e-09 0.00420475 0.000216474 2.71172e-08 3.74502e-12 1.0295e-10 1.41268e-06 
3.20564e-09 8.55186e-08 1.36799e-10 3.28338e-11 2.33596e-06 2.06795e-09 8.86233e-07 0.00131427 4.72374e-06 0.000814976 2.29315e-07 6.18888e-06 1.90068e-08 2.24153e-08 2.07974e-08 0.00528476 1.67073e-06 3.47112e-09 1.40553e-09 2.28052e-06 1.02124e-06 1.64536e-08 7.98663e-10 4.84529e-12 1.14191e-07 
2.9514e-06 2.28353e-05 3.51596e-08 1.22055e-11 1.86497e-08 2.57754e-10 6.93308e-09 7.89108e-08 6.17679e-08 6.84969e-07 1.11599e-11 7.81045e-07 8.93764e-09 1.65261e-07 1.99223e-06 1.20421e-06 7.04971e-08 7.87558e-10 1.38887e-09 8.4866e-07 1.01005e-06 1.72391e-09 4.41133e-12 5.10156e-12 1.42907e-08 
4.50062e-07 2.23142e-06 5.90797e-12 8.23221e-11 1.57557e-11 6.3623e-10 1.02002e-08 1.15201e-08 6.77591e-06 3.65858e-05 4.94147e-09 6.4051e-06 4.10133e-05 2.82356e-08 3.58661e-08 5.89631e-06 1.57976e-08 3.65231e-08 1.92137e-11 5.92212e-07 2.39849e-05 2.03345e-11 3.59125e-12 1.34288e-12 5.69567e-09 
1.60118e-07 1.3231e-05 0.000403459 1.21986e-12 5.79521e-12 1.08222e-09 3.18385e-10 1.22316e-05 6.03398e-08 2.89403e-09 3.45829e-07 1.77881e-08 2.08802e-10 4.59962e-06 8.5357e-06 1.00435e-05 4.83104e-08 1.54672e-06 2.20306e-07 3.46699e-05 4.83287e-08 4.51589e-11 3.44998e-05 3.75869e-13 1.34599e-10 
1.59307e-06 6.65689e-08 0.000153043 5.40585e-10 5.97524e-09 2.13639e-05 2.05568e-05 1.02609e-05 1.17292e-09 7.58606e-07 0.0004645 1.05457e-08 6.1631e-08 4.45593e-07 2.21228e-05 1.00242e-05 4.50549e-09 1.30956e-07 2.31324e-08 1.62343e-05 4.59931e-07 5.2826e-07 2.47766e-10 2.11894e-10 2.42572e-11 
0.205185 9.05212e-09 0.000141991 1.23214e-09 2.28899e-08 1.27838e-08 1.04286e-10 0.0278969 1.31334e-06 4.27822e-07 1.0943e-06 1.3914e-07 2.64648e-05 0.00259911 0.010574 0.0025172 0.000738289 5.22535e-08 8.00582e-09 9.72927e-06 0.000915018 1.84256e-08 5.66385e-07 8.87392e-12 1.53009e-10 
18.8186 1.63535e-05 1.55702e-08 1.92795e-09 3.50168e-06 4.76589e-05 1.23625e-08 0.0728301 4.03668e-09 3.37319e-07 0.00283936 4.68013e-07 1.61794e-11 0.00119728 0.000881429 1.56001e-05 1.59392e-06 9.7295e-10 5.37599e-08 2.28032e-05 8.37446e-08 0.00102949 2.9374e-07 9.69468e-09 6.24278e-07 
1.05949e-06 1.04793e-05 3.3093e-07 5.65361e-10 4.20571e-07 9.20629e-09 1.70641e-05 0.00532715 1.3457e-09 0.0066521 0.00137978 2.5319e-06 8.94387e-06 0.000117353 0.000789284 0.000370752 0.000323199 4.22878e-06 2.01544e-09 0.00155461 0.000934792 0.000397727 8.33642e-07 5.05441e-11 1.81964e-05 
1.19352e-06 0.00141538 9.55211e-06 1.35466e-09 1.1695e-06 3.44824e-07 6.96202e-07 4.6505e-07 9.33864e-06 57.6492 4.65319e-07 7.97349e-05 2.05413e-05 0.00184495 0.000529073 2.22751e-07 0.000227608 1.17771e-05 1.05038e-11 0.00137512 2.17757e-07 0.00062642 3.18784e-08 8.19514e-08 0.000132243 
7.15663e-07 0.000297967 1.79064e-10 6.3371e-07 1.85878e-07 1.8979e-05 9.3879e-09 3.55274e-06 1.01158e-09 0.000408125 0.000187349 2.89632e-06 8.26765e-06 4.53442e-07 4.97705e-05 2.30193e-08 0.00132251 1.11291e-05 5.25396e-11 0.000982548 4.82394e-05 1.68762e-08 1.34824e-07 1.66365e-09 1.30397e-06 
3.65934e-07 1.60001e-06 2.45111e-08 6.92603e-10 1.00426e-06 9.89276e-10 3.49131e-09 1.45544e-09 4.23628e-10 0.000199951 5.3518e-06 2.61097e-06 1.2476e-06 2.3876e-05 2.73666e-05 3.8018e-06 3.62377e-05 4.29934e-09 3.02882e-11 8.34125e-05 2.41657e-06 1.53074e-10 2.11853e-13 1.70182e-08 3.15795e-05 
1.26319e-05 4.52468e-09 3.1778e-12 1.56225e-11 1.52836e-09 7.06948e-10 3.82296e-09 1.84811e-10 2.49105e-08 0.000388544 1.01228e-08 1.67452e-05 2.51585e-07 3.79983e-09 2.40887e-09 2.7338e-06 4.50444e-10 4.27605e-10 2.41921e-09 1.46088e-07 0.000266823 9.12678e-11 1.3668e-14 2.45716e-11 4.62113e-06 
0.00127532 1.19595e-12 8.67218e-07 1.21747e-11 2.51507e-09 0.00116959 1.67135e-09 0.00201906 6.45028e-10 6.45869e-10 2.24743e-08 4.22627e-09 2.60021e-07 8.15744e-06 4.69017e-06 0.000179544 1.37793e-10 2.76159e-06 1.37394e-07 6.04997e-05 1.30662e-07 7.49595e-10 3.86965e-05 3.41699e-15 1.51052e-08 
0.0100551 5.69339e-09 2.1134e-05 4.41833e-06 4.11117e-09 2.59307e-07 1.23921e-08 0.0026079 2.43866e-09 3.68019e-07 3.80761e-08 3.55517e-09 7.84848e-08 3.14424e-05 2.18558e-08 8.83654e-06 2.57263e-08 1.34184e-06 4.30878e-08 3.60158e-07 4.41416e-06 2.46364e-08 1.99845e-05 1.86226e-12 2.86621e-08 
0.00149712 1.06868e-06 0.0012015 4.38321e-10 4.51213e-10 1.96699e-05 5.44856e-05 13.9776 4.87262e-07 5.87975e-07 1.36289 1.99468e-06 2.20528e-06 0.00117614 1.57629e-06 0.00021592 3.53231e-09 6.24813e-08 5.719e-07 4.76277e-06 1.99947e-08 9.03603e-05 2.58221e-07 7.8411e-10 6.93855e-07 
0.0010288 5.29842e-05 8.92346e-11 1.07303e-08 2.00304e-05 1.85222e-07 4.5089e-08 0.42687 7.8e-09 3.22883e-08 1.91525 0.000441264 1.70012e-05 0.0155532 0.0105587 0.846675 8.1193e-07 8.73444e-05 5.87234e-05 0.00101614 3.32108e-05 7.90438e-06 3.05356e-06 5.89755e-10 1.89555e-05 
0.00427209 0.210016 1.28758e-08 3.2466e-07 196.235 1.31046e-08 0.000132496 0.0620285 5.05991e-06 3.19219e-06 0.0111215 0.00103127 2.94982e-05 0.000208853 5.06372e-05 8.41996e-05 0.00636947 6.13639e-05 4.76044e-05 0.024944 0.00022562 131.229 1.97583e-08 2.57846e-11 6.93052e-07 
4.83513e-06 0.000121802 2.13668e-05 1.27685e-09 5.56608e-06 2.21808e-09 0.00219964 9.36885e-07 3.10117e-05 9.01216e-05 9.85954e-06 0.000117899 0.00107718 0.000361934 0.0175569 0.077839 20.0718 1.91747e-07 4.31575e-09 0.91533 0.00208215 4.97602e-05 5.51915e-10 6.96176e-07 130.001 
8.21166e-05 0.00057564 4.24101e-09 3.30628e-11 4.55921e-08 2.20577e-09 5.56045e-05 1.54004e-07 6.40001e-08 0.265423 5.2137e-09 0.000624608 0.000236805 6.68947e-09 8.82204e-06 1.02307e-05 2.14764e-05 1.37043e-07 5.81777e-06 5.08499e-05 0.0298459 8.10121e-06 1.94871e-10 4.30619e-07 0.00232715 
7.68997e-07 0.000152472 2.61222e-05 4.13114e-12 4.52812e-10 1.68245e-08 5.62257e-08 5.96147e-08 0.000351211 0.00569456 1.31485e-09 0.000223457 8.95856e-06 2.16234e-08 2.83869e-08 6.68732e-06 2.06779e-07 1.5439e-06 2.50003e-09 0.000128353 8.62628e-05 1.40831e-10 1.08156e-08 1.88553e-08 2.12422e-06 
3.20906e-10 2.42747e-08 2.75083e-08 1.49435e-09 1.31783e-10 3.06079e-06 2.77161e-09 1.25838e-08 1.40998e-07 0.000493641 3.64904e-10 1.95411e-05 7.7486e-07 3.12224e-07 5.16372e-07 1.65551e-07 1.4159e-08 1.41245e-06 5.75651e-07 4.02065e-06 0.000144731 2.05703e-12 6.81006e-12 5.27478e-09 1.85532e-09 
6.83967e-05 7.39191e-07 0.000153236 6.28654e-10 3.71734e-11 1.16169e-07 4.54712e-10 3.36475e-08 7.00486e-08 3.05923e-11 1.46726e-05 2.24955e-09 6.387e-07 8.62315e-06 0.104773 6.80634e-06 9.2506e-09 2.92819e-08 6.21949e-07 1.77028e-06 0.000231073 6.5194e-08 0.000228377 1.40097e-13 1.11816e-08 
0.0325233 0.000448416 62.4412 2.20752e-09 4.37101e-11 0.000110647 1.38108e-09 1.30592e-06 1.61033e-06 4.12932e-07 0.000210039 3.19975e-06 5.0365e-09 0.00015648 2.99085e-07 0.000416616 1.29534e-08 1.3097e-05 0.000109742 6.74007e-05 0.000517113 3.45727e-07 0.0240761 1.03193e-11 2.34907e-09 
1.33593 1.64077e-06 0.00570543 1.3056e-08 1.65571e-09 0.000211636 2.75558e-05 0.0182425 2.44126e-08 1.19922e-07 0.0100214 5.93385e-05 0.00061562 0.074949 0.000325316 0.360825 1.80651e-06 0.000161943 0.0434112 0.000592248 0.00322531 7.69472e-11 3.34589e-05 3.84411e-11 1.49791e-10 
0.0367723 0.000773822 0.00135415 1.76463e-09 5.55207e-08 9.24827e-05 0.000116017 0.00191031 1.25264e-05 0.000831061 24.3953 7.8757e-07 0.00435634 0.0666621 0.00230673 2.28057 2.12339e-08 4.73214e-06 1.13252 0.0493057 0.000381507 7.08629e-10 2.74769e-05 8.36274e-11 1.81859e-05 
0.00159326 60.368 5.24839e-05 2.20787e-08 4.47062e-07 9.43003e-07 0.0926447 2.38413e-06 4.65052e-07 1.31884e-08 1.48765e-05 0.00166757 0.00125876 0.00450857 7.75135 0.000387953 4.84468 4.17016e-08 2.59219e-08 37.4691 0.152967 0.000753272 5.49937e-06 1.19682e-05 0.000206408 
1.02394e-06 0.0464816 5.01919e-08 9.40738e-10 7.90457e-08 8.24484e-07 78.117 7.29364e-06 2.66245e-05 0.000133203 6.74621e-05 0.237156 0.00219702 0.000235139 3.93951e-05 2.4841e-06 0.000235962 0.000102746 6.19901e-08 0.0520444 4.9722 3.03472e-06 2.56116e-08 168.341 2.75745e-05 
0.00942165 0.000134453 3.53398e-08 1.06886e-08 2.0671e-06 2.7574e-08 0.000737133 7.74073e-07 9.7473e-06 0.0829537 2.8769e-07 15.4311 6.26604e-05 6.58108e-05 2.93378e-06 0.0033136 0.000771463 0.000101113 3.50912e-06 0.275467 0.139485 3.32751e-08 1.42283e-10 0.000230869 0.000224193 
5.77778e-08 1.27163e-06 2.44882e-09 5.46718e-14 1.75719e-07 1.4824e-08 2.68694e-06 3.1364e-07 0.0154948 8.37744e-05 5.61753e-11 0.00014813 0.000231887 3.32672e-05 3.30856e-07 1.90535e-08 1.46964e-06 0.00489557 2.68693e-09 8.33337e-05 0.00067101 1.8872e-10 2.52905e-08 1.61766e-07 0.00018912 
3.21622e-09 2.53438e-06 1.16141e-09 8.50837e-10 2.38506e-12 7.89276e-08 6.24416e-07 1.22412e-09 3.45843e-07 4.25736e-06 2.54757e-10 9.46673e-08 1.32405e-07 2.54778e-08 1.8634e-07 1.6368e-05 1.87113e-08 1.51281e-05 4.15434e-10 9.61776e-06 1.17974e-06 7.88084e-10 1.71267e-09 7.27147e-09 1.08735e-08 
0.000259813 4.92692e-08 1.78533e-06 1.76219e-07 1.34117e-11 0.000375413 7.16679e-11 5.6617e-06 4.70561e-09 1.01477e-07 6.54323e-08 4.72098e-10 5.31442e-08 0.0170169 4.76121e-07 2.0423e-05 3.44412e-09 3.76703e-07 7.24126e-09 1.20733e-07 3.49513e-08 1.45844e-10 6.56859e-07 3.55708e-12 9.40013e-12 
0.180996 2.94272e-06 0.00467694 1.47071e-10 1.65078e-08 3.2621 9.21806e-06 2.03698e-07 4.57268e-08 6.70489e-09 0.00522423 8.53266e-09 5.80865e-08 0.0221951 0.00837872 1.71934e-06 9.76007e-09 9.6159e-06 0.000856452 0.00428527 7.2074e-06 6.75786e-09 96.1843 1.91761e-11 6.98152e-10 
0.130907 1.12382e-05 0.191942 3.10431e-09 1.24851e-09 18.2995 2.03609e-09 7.35894e-07 2.02497e-06 2.83592e-09 2.10298e-05 2.22418e-07 1.58938e-07 3.14293 0.00311982 20.1602 1.25772e-07 1.06501e-07 40.0945 2.37693e-05 2.48535e-07 7.75222e-10 0.0050217 1.97755e-10 2.18764e-08 
2.70898 2.4542e-06 1.3841e-06 11.7013 3.82585e-06 0.0216465 2.68683e-07 0.0209829 0.00124809 7.35567e-07 0.000161816 3.16229e-06 8.19787e-06 18.6395 1.92405e-05 0.768864 3.22307e-08 0.0722542 0.000428045 0.00102344 0.000124412 4.68256e-09 3.10877e-05 5.83963e-12 3.53023e-08 
4.07334e-05 0.0394962 2.54515e-06 9.69721 3.29158e-06 1.30718e-05 1.49802e-06 5.01626e-07 0.0165845 5.16923e-05 3.96108e-05 0.126167 0.00170614 0.0347429 0.000100364 0.000538652 0.00026034 5.0865 8.2084e-08 5.77017e-05 7.74957e-07 1.38086e-08 0.000143157 2.2025e-08 3.53803e-07 
0.000147182 0.000550257 2.04674e-06 2.61066e-07 7.35273e-09 2.07778e-07 0.000247991 2.30208e-06 0.0545113 0.000874805 2.0257e-06 0.0255146 41.3872 0.000891509 0.0154184 1.43427e-06 0.00914868 0.0015849 1.036e-05 1.91792e-06 0.00329582 9.89324e-06 2.64754e-08 1.01124e-05 1.43819e-07 
0.000448531 4.40062e-06 7.80654e-08 3.04292e-09 2.37891e-11 3.7608e-06 1.23357e-06 2.11129e-07 9.5777e-05 4.68203e-05 1.59102e-07 6.4057 0.995551 0.255131 1.69106e-06 4.07612e-07 5.74077e-06 0.000342094 1.77133e-08 4.58401e-05 18.0145 2.31096e-08 7.87308e-11 1.09863e-05 7.61669e-05 
1.1832e-07 9.23471e-07 4.72315e-09 1.51347e-06 2.4439e-10 9.05618e-08 7.5445e-06 9.46671e-09 0.0175566 1.75964e-08 1.27973e-08 0.000695995 0.000861288 4.89753e-08 2.93238e-08 5.11801e-07 1.55066e-07 4.11863e-06 2.34973e-10 0.000120883 0.0251915 2.39907e-11 3.40126e-09 7.46745e-06 2.67125e-09 
4.72191e-05 1.37484e-06 3.22598e-11 6.46494e-12 1.50347e-12 1.54421e-07 2.26118e-05 3.56939e-08 5.08197e-07 2.74313e-06 3.90731e-07 8.4192e-07 6.82286e-05 5.2824e-08 5.08271e-07 2.76563e-08 1.00418e-09 1.22778e-05 9.88852e-09 3.41421e-06 5.08629e-05 2.4739e-12 4.78378e-14 8.29884e-11 9.10334e-07 
1.10991e-06 1.56236e-07 3.88969e-10 5.44094e-10 9.97761e-13 1.95854e-06 3.03117e-09 8.46088e-06 5.52356e-11 2.72864e-10 7.42245e-06 8.42485e-08 3.7151e-06 1.15955e-05 0.000202905 7.46161e-07 4.19157e-08 1.07605e-05 1.27196e-06 9.44225e-06 1.64941e-06 4.09902e-11 2.58175e-06 9.56757e-14 4.85452e-11 
0.00341131 4.28892e-05 6.73602e-06 8.52126e-08 2.03482e-11 0.0399351 6.57982e-10 7.17159e-07 4.40246e-08 1.82611e-08 4.51579e-07 2.72405e-09 0.00313608 0.00344527 1.19459e-07 6.02999e-08 5.43649e-09 0.000399244 1.17013e-09 2.40493e-07 9.2449e-08 5.7894e-11 4.03397e-05 1.19253e-12 4.84993e-09 
0.0238907 1.0634e-05 7.23635e-06 3.09435e-09 3.15046e-11 1.39146 7.70941e-11 9.35316e-08 1.32608e-08 5.65272e-11 0.00072127 3.58051e-07 0.00622106 4.68258e-07 13.8261 0.00021112 3.04775e-07 0.0118352 3.40278e-06 1.70203e-07 4.98146e-10 2.7083e-11 7.67193e-07 1.38155e-08 2.86552e-08 
0.0951019 3.37596e-06 1.80477e-05 2.04813e-07 7.43167e-08 0.351916 1.46287e-06 5.71883e-09 0.00554089 2.32795e-05 0.00480955 4.51902e-05 2.10206e-05 0.0113701 3.84467e-05 0.000109781 5.13797e-09 0.000813621 5.29943e-09 0.000586123 0.000179634 3.97147e-08 1.00213e-06 2.39018e-11 6.22484e-09 
0.0297864 0.00451856 6.64128e-06 1.86995e-06 1.45694e-10 5.51166e-06 1.10767e-07 3.15293e-07 0.000388311 5.22071e-08 4.88139e-07 0.000123282 0.000372768 0.186663 0.000321053 0.00034703 1.89342e-10 1.80479 3.72405e-07 2.72435e-05 0.00400455 1.18819e-10 2.40802e-09 8.70341e-10 8.12382e-10 
1.67954e-05 7.08614e-07 6.94869e-06 3.71812e-06 6.54627e-11 5.4531e-07 1.53269e-08 0.00018427 68.0727 5.40219e-07 0.00681634 0.012943 0.000706689 1.04595 0.000118153 0.000462125 2.45294e-07 14.0369 4.18901e-08 3.80052e-05 0.0797911 1.36273e-09 1.63057e-08 2.00276e-08 1.27641e-05 
1.00514e-05 7.04272e-05 1.11252e-08 2.87693e-08 7.32261e-12 8.99599e-06 3.16374e-07 1.59984e-06 0.0173314 8.83819e-06 6.54844e-07 0.000240005 0.0436906 2.69373e-07 2.68788e-07 4.27512e-06 0.000161799 0.00523762 8.50464e-09 0.0107754 0.0102343 4.61334e-09 4.21966e-08 2.90652e-10 4.26483e-08 
9.81603e-07 1.16021e-08 2.96741e-07 8.24203e-09 4.7309e-09 6.23417e-09 1.57174e-07 2.89419e-12 2.28584e-05 9.56632e-05 1.83663e-11 0.000415755 0.00117585 0.0266876 6.82579e-07 5.51299e-08 7.89498e-08 3.76964e-06 9.39463e-09 0.00466097 0.0461181 7.20563e-09 4.42259e-08 4.46942e-12 7.98516e-11 
2.506e-08 1.43016e-08 2.54124e-09 1.8831e-11 2.0273e-11 3.75828e-10 7.67466e-07 5.01916e-08 0.000940917 1.39299e-06 8.92282e-10 1.96469e-07 1.40188e-06 9.01448e-07 1.47191e-08 5.68026e-10 1.83426e-09 9.79399e-05 1.28529e-09 0.000956612 0.00105551 1.10619e-09 8.63944e-10 2.22788e-12 6.00516e-08 
0.000185953 1.2765e-07 2.24933e-06 2.00237e-08 7.34652e-13 0.000451345 1.53491e-11 2.28499e-08 1.0746e-08 2.56616e-12 0.000479137 7.38753e-11 2.1446e-10 8.45731e-06 2.96636e-09 1.14941e-06 1.73169e-08 8.90358e-10 1.68458e-12 8.9511e-08 1.35274e-07 8.95251e-12 3.13858e-06 3.84753e-12 6.33243e-10 
0.000246719 7.19057e-08 0.0470299 1.11076e-10 1.50347e-13 8.96724e-05 3.43811e-09 2.27436e-06 1.46892e-09 1.38742e-09 2.73307e-07 1.59608e-07 4.07128e-09 3.01623e-05 2.78521e-06 3.48383e-06 1.85779e-09 3.25713e-06 4.92806e-06 1.75266e-06 4.12835e-08 5.66373e-08 3.40228e-08 2.38164e-12 3.18137e-09 
0.000240273 2.7449e-05 3.39266e-05 4.1801e-10 1.12595e-09 1.08821e-05 1.97697e-09 3.12898e-07 8.43937e-07 9.7145e-12 0.00287511 9.61004e-08 1.72251e-08 0.00426436 1.86224e-07 1.30905e-06 2.48519e-08 1.90441e-07 4.77153e-08 2.83733e-05 0.000144107 1.83042e-08 3.27069e-09 3.41699e-15 1.46068e-06 
0.000333913 1.22452e-06 0.0143416 5.20044e-07 2.17734e-10 0.000147468 6.93307e-12 9.88234e-06 0.049605 4.19203e-10 2.30809e-05 1.76831e-07 5.07388e-05 7.41181e-05 1.81196e-05 2.61217e-06 3.33431e-09 0.000396998 3.25578e-05 8.92578e-05 9.84811e-06 6.54589e-10 8.22437e-08 1.02305e-11 1.11876e-10 
1.20193e-06 1.57641e-08 9.24176e-08 5.20962e-08 1.63481e-09 8.52606e-05 5.69653e-08 1.88789e-11 0.000721269 4.81597e-09 4.96991e-06 3.92791e-06 6.91053e-07 6.5837e-05 0.000546816 3.29031e-05 5.62916e-08 0.00211598 9.52634e-08 0.000491717 0.00030945 1.2942e-09 3.23251e-09 8.94226e-12 7.33919e-09 
3.95995e-08 1.18609e-07 7.51558e-06 6.45443e-09 1.55315e-09 1.35543e-08 5.64107e-07 2.48328e-07 0.000649172 6.51792e-05 4.48341e-06 4.8123e-08 0.00477421 1.52135e-07 1.99993e-06 1.85645e-08 8.87457e-06 0.00107962 6.19561e-10 0.00177557 0.020825 5.84305e-13 1.01108e-09 1.01111e-07 1.65085e-10 
7.98056e-08 0.000218327 2.12776e-11 4.9935e-08 7.05266e-12 3.89365e-09 7.8465e-10 1.85654e-09 0.000610564 1.01298e-07 2.09144e-10 0.00017711 0.00691074 0.000178535 6.39156e-07 1.19613e-07 1.64854e-09 0.00167462 2.62527e-11 1.14479e-05 0.000310904 8.76062e-09 2.88736e-12 3.38282e-13 2.80706e-10 
3.12833e-05 3.45601e-08 1.67777e-06 1.9034e-08 4.84871e-12 3.46756e-11 4.29219e-09 1.2066e-07 4.85651e-07 9.95313e-08 4.25306e-08 4.16145e-08 0.000115179 1.04154e-05 6.38728e-07 2.74548e-08 1.25202e-08 9.63699e-05 5.98554e-11 3.98595e-10 0.000786751 1.48981e-12 4.39537e-07 1.21613e-07 2.05153e-10 
3.82862e-07 4.14584e-08 2.41701e-10 1.72102e-09 2.94396e-08 4.2977e-08 7.23006e-07 8.14531e-10 5.80753e-07 7.44528e-07 4.66595e-08 2.13926e-06 0.000171474 3.55556e-08 1.429e-08 2.88914e-08 1.67602e-09 7.72279e-06 5.13915e-12 5.57085e-08 1.05906e-06 1.95452e-12 1.05004e-11 2.1117e-12 8.44338e-11 
1.41897e-05 2.24062e-08 4.33102e-09 3.4802e-11 5.56969e-13 0.00021059 4.09368e-09 8.54194e-07 1.14596e-10 2.15526e-09 1.78938e-08 1.86948e-07 3.2123e-09 1.39002e-06 1.83143e-06 8.64206e-07 8.94428e-09 2.02625e-06 1.74902e-10 2.51618e-07 6.07977e-08 1.0251e-13 3.47453e-08 4.19504e-11 1.2472e-12 
6.137e-06 9.33248e-08 1.39929e-05 2.57835e-09 5.95923e-12 2.73442e-07 2.87699e-08 1.44861e-07 2.44926e-10 1.27466e-08 5.41693e-07 1.90732e-08 3.59073e-08 7.24936e-09 4.70885e-06 4.2383e-06 4.01486e-08 1.63936e-09 8.33759e-08 2.68026e-07 2.7272e-07 4.48309e-11 1.03634e-08 6.83398e-15 2.02886e-08 
8.50797e-07 5.37565e-07 2.20713e-07 1.19595e-12 4.60528e-10 5.72667e-06 2.58201e-10 1.7179e-08 6.19476e-07 1.3435e-07 5.47923e-07 5.45693e-12 6.51802e-08 5.75466e-08 3.14521e-06 3.45552e-05 6.19466e-10 1.02698e-08 5.94259e-09 3.82855e-06 1.16915e-06 4.38912e-10 3.21493e-08 8.75569e-11 3.20958e-11 
7.61141e-08 3.63885e-08 9.31544e-09 5.30795e-11 1.01049e-09 1.19597e-06 7.33792e-09 2.64981e-10 1.6776e-07 3.69959e-05 1.09237e-07 8.36381e-07 2.17019e-08 6.88175e-06 1.26059e-09 7.13719e-05 7.81124e-12 2.6266e-06 1.4813e-06 1.81169e-07 0.000703094 8.91267e-10 8.45013e-07 7.64551e-11 8.37982e-11 
1.15161e-06 9.18002e-07 1.33681e-09 1.15938e-08 4.89634e-09 1.3536e-06 4.94873e-05 6.21919e-10 1.07441e-05 1.34358e-07 2.81766e-06 2.42896e-07 1.13088e-06 3.57606e-05 2.20573e-07 4.99699e-09 1.39755e-12 0.0033734 2.00109e-10 1.48929e-05 0.000323513 6.51551e-11 6.19273e-09 1.16044e-08 5.55888e-08 
1.07719e-05 0.000177333 3.20383e-09 1.30971e-09 1.13181e-08 1.49757e-09 2.7567e-09 2.69542e-09 4.05835e-06 2.42009e-09 4.17532e-05 5.63962e-08 2.64266e-08 0.000237438 2.32275e-07 7.28531e-09 1.23442e-10 0.0325463 3.72615e-08 5.33902e-06 4.62557e-07 4.83527e-09 4.45456e-09 2.8128e-10 7.6701e-09 
1.55285e-06 5.92013e-07 1.5725e-11 1.88276e-12 8.1627e-09 1.08896e-06 2.26075e-08 6.67925e-06 2.94561e-06 5.35097e-10 8.07512e-07 5.67752e-07 0.000763287 7.19267e-08 1.20158e-06 1.75782e-05 2.0906e-08 2.52805e-05 5.06944e-11 2.57418e-07 2.10297e-06 4.06148e-09 1.09538e-10 1.0251e-14 1.61841e-09 
1.38832e-05 5.19153e-10 3.64397e-08 3.49188e-07 1.70849e-13 2.46715e-07 4.34798e-09 3.03836e-06 3.95689e-07 7.86363e-08 1.15715e-08 1.46808e-06 3.60711e-06 5.37416e-09 3.12545e-09 1.0718e-08 5.15301e-08 1.98364e-05 1.31671e-09 2.08043e-07 2.02375e-07 1.33563e-10 2.43594e-10 1.59573e-12 1.6283e-10 
2.33673e-07 2.38289e-08 1.32169e-11 1.09684e-09 1.09002e-12 2.12841e-07 8.71879e-11 6.26641e-11 0.00257524 0.000357641 5.63034e-09 3.6844e-10 2.64258e-06 8.90125e-11 5.37886e-08 1.90938e-08 7.19594e-10 0.000626575 1.15609e-07 7.13827e-06 1.83486e-06 2.34064e-12 5.23585e-11 5.46718e-13 1.65531e-09 
7.13651e-08 0.000155346 3.35987e-09 2.62798e-09 1.87934e-13 9.8578e-06 2.97117e-10 2.44534e-07 1.37557e-08 1.12761e-13 0.000238071 4.83162e-12 3.43783e-09 6.64539e-08 5.25082e-06 1.0294e-07 4.2029e-13 4.08061e-09 7.42463e-09 2.71268e-09 5.95434e-09 3.41699e-15 4.74657e-08 4.78378e-14 2.05361e-12 
7.22801e-07 1.37853e-09 3.842e-06 5.0526e-10 3.30081e-12 1.41092e-07 7.56795e-10 1.65415e-09 4.57412e-08 6.82332e-08 3.76958e-09 1.05769e-06 4.72356e-08 4.77827e-06 3.93317e-09 0.000110819 1.79255e-11 2.65472e-05 5.31734e-08 1.36747e-09 2.13444e-08 6.83398e-14 2.40973e-09 3.14363e-13 4.84836e-11 
6.3693e-07 2.29089e-08 6.95e-09 1.2234e-09 1.06337e-11 1.99365e-06 2.21514e-07 1.37592e-07 6.01073e-05 1.72367e-10 3.27628e-08 0.000177036 1.15791e-07 9.61132e-08 2.07679e-09 2.72533e-08 4.21447e-09 0.000289554 1.06917e-07 2.77457e-06 3.29986e-06 1.92143e-09 1.10501e-09 2.93861e-13 1.38183e-11 
7.33273e-08 1.48265e-07 1.88581e-08 2.873e-08 4.0423e-12 2.42575e-08 1.19728e-10 1.94702e-07 3.83413e-07 1.08646e-08 6.38296e-05 4.78956e-10 1.70655e-06 9.15144e-07 7.36646e-09 1.41115e-05 1.24901e-10 1.15712e-08 4.70888e-10 2.72316e-08 9.47806e-07 2.73359e-14 4.94031e-09 5.30317e-12 1.59016e-10 
2.86952e-06 3.64023e-09 7.95721e-10 5.27327e-10 8.006e-12 4.81956e-10 2.03345e-11 2.15226e-08 1.63137e-08 1.68955e-06 2.38133e-08 9.64181e-09 5.78623e-08 4.05313e-07 6.44759e-06 8.13187e-07 3.42461e-09 0.000382725 1.27044e-11 0.000578494 1.65945e-06 3.16017e-09 3.85949e-11 1.21112e-10 1.61306e-09 
3.07672e-05 2.24127e-10 1.62266e-10 4.88288e-12 3.62201e-13 2.73172e-09 3.2265e-08 1.8938e-08 2.50767e-07 1.9954e-07 1.30563e-09 2.36663e-09 4.92432e-07 3.12358e-07 7.51997e-10 2.80225e-07 2.43905e-11 0.00602517 1.86035e-10 6.20672e-08 0.00018364 1.52941e-10 1.18693e-08 1.69551e-11 1.13376e-11 
7.15291e-06 1.09628e-09 4.13763e-11 9.23612e-12 3.03429e-12 8.63582e-10 8.72665e-11 9.87202e-08 2.9855e-06 1.65989e-06 8.6484e-12 2.1833e-07 3.44166e-08 5.27245e-10 1.23738e-08 3.67758e-09 3.45116e-13 9.34886e-06 1.14675e-08 2.39394e-11 1.0118e-07 1.97809e-11 9.62668e-11 6.7178e-11 4.66211e-08 
1.95805e-09 9.90707e-09 1.1927e-10 7.20985e-12 3.9579e-11 3.39652e-10 3.24614e-13 7.88945e-07 0.000325463 1.09911e-06 1.12028e-08 1.19909e-05 1.09816e-07 1.35397e-07 1.06724e-09 8.23762e-06 1.86982e-09 0.000124216 2.75317e-10 9.65515e-08 4.48754e-08 8.20077e-14 3.32131e-12 3.92954e-12 1.60894e-07 
5.968e-08 1.37054e-08 2.72129e-11 1.3668e-14 1.8407e-10 6.0942e-10 1.38286e-11 7.08048e-10 6.21719e-08 1.67183e-07 1.44117e-09 3.41699e-12 1.0731e-05 1.47569e-10 1.92069e-11 1.89115e-08 9.35196e-11 9.82178e-09 6.21892e-13 7.60246e-09 1.70388e-06 2.28899e-09 4.31357e-09 2.03072e-11 4.79403e-12 
MacroCAP_unq
0.112556 3.17026e-05 0.000844948 0.000280956 0.000598466 0.0744932 0.00130182 54.3744 3.31585e-11 6.83778e-07 1.66701 2.56964e-09 1.29454e-09 8.6403e-05 0.0071686 0.0131616 3.56455e-05 4.19008e-10 0.000125332 0.0229516 2.13228e-08 0.00268962 0.018243 5.7521e-07 0.00278494 
0.0536682 8.29057e-05 66.403 0.00110073 0.563352 0.0317406 0.0262707 4.93512 2.23061e-11 9.06592e-08 0.0992106 0.000557047 3.19546e-07 0.000701639 0.00804528 0.0213948 0.641907 0.000131264 0.0706053 1.10358e-05 0.130615 25.9979 0.829311 0.00280926 0.0376724 
4.69883 0.000397387 0.000823973 0.108219 0.0171399 0.000743767 0.210999 134.025 2.26849e-06 0.0946018 0.0121556 0.000549057 0.0213957 0.00180239 0.00233633 0.0809038 0.0705128 1.11992e-06 6.46329e-05 0.0168473 0.0815634 0.00445737 0.273581 0.0201765 1.88779e-05 
1.40075 1.14032e-05 0.0995724 0.0933985 2.21434 0.0783716 0.516847 97.1062 0.0136402 3.57642 16.2952 0.2579 0.00126937 2.07381 0.309376 0.787709 0.00494068 0.000267231 0.47314 2.57026 0.0364111 11.0157 0.0546912 0.154724 28.8161 
0.00102259 0.0181123 0.00938444 0.000107789 0.240609 1.88145e-05 4.97692 80.0982 3.9925e-05 61.5524 5.1895 2.87409 0.992114 0.367766 6.98629e-05 0.408006 7.62999 0.004588 0.611949 0.0284844 3.7937e-05 2.76041 0.00247872 6.59959 28.0037 
1.61807 0.0276086 0.000652935 0.000805847 0.0318553 0.00063341 0.0256022 0.142593 2.02312e-05 3.20556 12.2841 10.4115 0.03779 2.98868e-07 0.136483 6.83725e-05 1.8863 0.00020798 0.0337843 21.8101 0.0218834 46.1612 0.0396487 25.3301 62.3885 
0.000148914 0.000113797 0.00818337 7.54749e-05 25.7458 2.68928e-07 0.0526455 0.0222998 0.000263736 0.00356333 0.0823327 0.105482 0.013488 6.77203e-05 0.000773585 17.6834 0.0403526 0.0709056 9.69504e-05 34.7833 0.00127591 0.00356116 2.42033e-05 2.40248 3.17034 
0.0015159 0.000197319 2.95962e-10 0.001426 0.410067 5.56238e-07 0.00205359 0.00300659 3.33798e-06 4.7555 0.166795 3.93335 0.331981 0.000108293 0.00109071 7.40919e-07 0.599869 8.33179e-05 1.12068e-06 3.03498 1.98856 0.0524588 8.20077e-14 0.249577 0.00073119 
3.35526e-06 2.53529e-05 7.02077e-09 3.08117e-08 0.600784 2.24964e-09 0.00309154 0.000501691 3.28829e-08 79.4433 5.7074e-11 6.6352e-05 0.000129715 5.43588e-07 0.000416002 1.0302e-07 6.26746 4.39301e-06 1.36565e-08 2.2169e-05 0.00155521 0.00064088 3.19488e-12 0.000316088 9.55713e-05 
0.000155154 9.8607e-05 0.342448 0.000377758 0.00105436 0.00299159 0.00171294 0.00778622 8.47396e-10 4.70463e-06 1.07158 8.40197e-05 5.71416e-07 2.86319e-05 0.706972 4.86764e-05 0.00163527 0.0011177 0.000967418 15.0091 0.000147188 3.2683 0.10471 0.0443942 0.000801199 
1.31914 0.000147439 0.00964371 0.0470614 0.0015578 1.02091 0.00036613 14.5746 1.15513e-05 5.16238e-07 1.26516 0.0126792 0.0141921 0.018429 0.106494 59.8652 0.0320105 1.11189e-07 14.3092 0.000198142 0.359902 0.107688 0.00748278 0.000563393 0.000752942 
2.30364 1.02665 0.0267661 0.00231233 0.396942 0.278309 0.156062 77.6439 0.00387786 0.275211 39.7187 2.01681 0.000960452 61.2155 0.00388429 0.0388059 0.00158281 1.3976e-05 3.66241 27.2198 0.00158679 73.2382 0.780399 4.7097 0.00873938 
19.6461 0.258187 0.0726325 41.2501 1.8704 6.11899e-05 1.91294 134.316 0.000520584 10.8703 67.3239 2.38521 0.00807809 18.3803 26.9965 54.517 76.5623 0.000381425 32.8341 68.7443 0.00746109 132.078 1.27205 98.2995 4.52 
16.9595 0.0227637 0.0102795 53.8751 75.178 0.00419982 201.174 35.2202 6.49087e-06 102.394 0.131979 73.5649 0.006062 1.49703 43.9569 119.108 136.093 8.26894 0.663889 34.8276 0.00398746 255.498 0.00268744 3.35964 19.1492 
0.000118838 9.80821 0.00568976 7.65226 16.4478 0.0454938 81.8744 24.728 7.49571e-06 64.3176 0.37989 24.9557 40.2678 0.109911 0.0532185 34.2604 60.1765 0.00945063 0.0142746 37.2344 0.00167594 37.9332 0.000209445 0.530912 38.5816 
0.00778361 0.0128471 0.341013 0.389251 61.7138 3.9744e-10 0.0113102 0.00523346 6.58755e-08 101.436 0.0316632 0.028166 17.9556 1.1557e-05 0.20231 0.000198129 0.15607 0.0550057 0.000996819 17.2434 0.000321334 2.37435 0.0184098 10.1537 110.178 
7.08156e-08 0.0676428 2.18976e-07 0.459999 0.000418143 1.29318e-08 6.41353 0.000344652 0.000114921 78.3295 0.0126408 8.09047 0.0747499 0.000116927 0.000405958 0.543879 1.76282 0.0192238 3.26833e-06 0.104182 0.0604111 0.00138877 7.55154e-13 0.124594 24.2949 
1.08349e-06 1.70694e-07 7.62859e-09 6.64943e-05 0.360494 2.45135e-11 0.159532 2.26489e-07 9.60324e-06 3.96513 0.00176576 1.4423 0.0763437 4.23705e-05 6.40235e-05 7.92059e-06 0.018219 6.76494e-05 3.21765e-07 0.000246887 0.0428429 0.00556566 1.66544e-11 0.000275469 0.00126425 
0.70638 0.00268315 36.7469 0.000548685 6.45037e-05 0.0142115 0.0272571 60.5813 4.15169e-06 0.000305985 0.263987 0.00144796 0.0010178 0.00746614 3.04033 6.858e-05 0.0725502 2.07556e-07 0.0333336 0.000312274 7.32907e-06 4.86589 0.638702 4.42228e-07 1.77582 
0.371145 0.327161 79.4626 0.0150993 0.180515 6.32231 0.000917607 3.81451 3.32855e-06 0.000104831 66.2596 0.00674563 4.8257e-05 0.0319589 9.09453 41.0341 0.0232709 0.00154777 0.346577 0.257716 0.123734 0.0143223 2.25695 0.00571199 0.00848856 
31.113 26.1378 188.511 0.00558842 71.2573 137.285 51.7712 0.770551 9.18692 0.812116 66.8115 0.000263045 0.00707021 87.5577 0.518231 45.2209 46.696 0.0740841 0.639087 17.1864 0.0256728 11.0735 168.251 0.0862019 0.0128813 
116.081 97.7974 41.9978 0.081152 188.92 67.5924 118.829 241.401 0.00108354 44.3519 272.84 0.0850919 0.00487593 113.431 27.807 197.826 24.1418 0.00301349 65.7603 91.1463 0.0515193 174.54 0.677502 66.8556 64.7005 
79.2042 157.154 0.244165 151.404 352.965 0.510503 102.981 194.213 1.17134 69.1741 274.697 58.0611 82.3532 178.48 22.2212 97.142 347.581 0.309143 126.248 201.921 74.5789 279.078 1.50998 92.2426 143.109 
0.00697457 270.643 0.0312083 182.986 286.689 0.743869 216.63 70.361 0.180855 251.19 46.0873 207.054 159.423 10.2382 0.168997 69.8157 321.951 10.7823 4.22028 146.097 95.8985 314.656 0.00193217 16.5411 510.382 
0.0122531 42.5301 0.0785248 68.1273 79.3409 0.000329339 47.9343 0.00493624 1.22007 207.187 48.6292 35.8845 37.9169 0.0110548 0.000512446 0.0046656 155.792 0.00102651 3.51542 21.727 82.8217 85.9601 0.00649248 151.853 208.459 
4.32323e-05 0.713857 2.28165e-07 0.0173205 41.1849 1.33337e-07 22.5232 0.000523902 0.0044879 51.6981 2.73151 40.2015 2.73864 0.0198248 0.00856514 0.000222128 1.36863 0.000692863 1.77033e-05 0.130666 72.7523 0.00128731 8.93832e-06 0.324815 9.70939 
0.0456557 0.000138047 3.07649e-07 0.000745485 0.0184483 1.47742e-09 4.20161 5.23302e-07 3.73312e-05 2.12829 1.49654e-05 0.181954 1.98771 0.00862745 3.36148e-05 0.00714112 0.00150118 0.0178404 0.000114822 0.48258 3.22792 0.00120982 3.07529e-14 0.0466368 0.00192535 
0.25406 0.000783852 58.6195 0.0011703 0.00950736 43.7501 0.0117142 10.2293 7.88882e-05 0.000196007 3.89879 0.000233301 0.000255498 0.000413892 0.00332807 0.000209309 7.00575 0.00294351 24.6601 1.49491e-06 0.00415489 0.00145706 36.8415 0.00116164 0.00458823 
49.3857 73.5921 236.714 0.0320778 0.00189372 53.6184 0.155249 6.19824 3.83906 0.000271453 4.92295 0.00023002 5.05071e-05 4.29997 42.5793 20.023 0.000221977 0.0004502 55.7124 0.00338699 0.00012498 1.59792 30.3677 1.69789 20.6988 
175.26 22.0895 239.001 8.95764 0.0164821 98.4755 3.96127 51.3864 0.107097 0.00138745 275.593 37.7648 0.0666866 114.008 18.9024 126.886 0.0627055 15.604 146.379 28.217 13.6775 109.38 77.3268 0.0704182 0.272659 
302.049 218.88 244.002 212.555 98.2059 121.641 31.0239 179.2 18.2741 84.6852 398.82 149.229 49.5388 219.473 301.164 307.171 55.5895 20.4374 266.773 151.556 161.794 133.769 314.067 12.9633 161.575 
302.057 396.693 255.911 281.12 168.069 194.602 470.872 337.787 407.828 176.951 315.312 314.486 318.865 336.041 565.555 304.673 361.747 349.871 231.718 400.134 317.691 294.897 228.611 247.373 540.021 
70.9628 473.386 0.000170114 297.84 254.533 44.3932 323.136 173.724 108.925 266.099 201.448 201.755 157.484 141.892 9.59652 156.604 212.354 128.504 160.661 425.481 248.794 155.388 0.0073822 421.599 210.848 
17.951 133.978 0.0733828 156.113 0.553663 4.87404e-05 87.6938 0.00140699 8.32134 66.3775 0.0210796 269.296 161.791 0.049131 0.985201 13.457 77.4761 59.8054 1.98123 97.7712 55.4575 1.62623 0.00170167 233.156 129.977 
0.0108089 11.1209 3.20965e-05 2.5578 0.289871 1.01653e-05 7.05866 0.000920724 0.165412 13.0005 1.3434 89.5926 7.51841 0.000202026 4.98043e-05 0.00500765 0.102728 42.6891 1.56182e-05 0.584054 0.471425 0.0269684 0.00219352 76.6836 14.4611 
0.000847716 0.0014928 2.41894e-06 1.92222 0.0431891 3.06463e-10 0.110371 1.02456e-05 0.159303 11.9191 0.0310437 83.2958 0.000763973 9.41477e-07 0.00212497 7.17461e-06 0.00373852 0.0357465 5.52319e-05 0.0449527 0.00938586 0.0328683 3.10946e-13 30.3929 0.0445668 
32.0877 0.0110586 2.58002 4.09887e-05 0.000164695 10.1736 0.00932852 17.3135 3.76312e-06 1.47715e-07 3.06513 3.9117e-06 0.00178304 25.8862 0.0106711 0.000626654 4.02974 7.11036e-06 0.386259 0.00631143 0.0149143 2.15402 95.1831 4.87414e-05 3.29648e-05 
44.4795 10.697 196.678 1.27928 0.0480359 201.071 4.83075 0.0711236 4.77327e-06 2.62036e-05 4.03579 0.000135146 0.0151085 94.4395 91.8272 0.000163675 0.013886 0.0241263 74.1 0.00272431 9.2468 2.34435e-05 415.185 0.0112714 0.00143149 
150.03 38.5629 314.977 101.176 26.9002 329.973 12.1339 32.2602 9.11225 0.00246505 135.352 16.7914 0.229006 122.272 144.554 171.638 0.887206 55.4534 266.577 0.799071 0.00626533 4.12 65.1293 95.4977 14.4741 
406.177 467.542 198.423 347.671 255.378 304.758 288.38 267.372 237.928 214.151 269.392 220.996 267.773 513.069 496.368 374.735 329.274 266.797 364.908 258.382 212.774 272.644 260.525 245.383 378.612 
342.414 361.596 255.849 659.966 216.677 131.651 286.034 202.056 313.223 297.71 301.263 281.559 411.997 380.268 545.282 293.794 258.453 271.855 312.63 162.591 378.72 219.179 287.314 191.419 295.417 
300.104 379.962 154.618 291.346 183.336 145.045 335.896 274.548 355.971 245.383 139.382 332.093 415.852 312.761 508.945 276.947 365.645 472.656 147.717 311.113 502.902 101.712 322.041 349.97 326.481 
1.53318 26.0642 1.25971 121.349 53.8596 5.06017 109.333 0.0024662 8.78016 207.633 0.121903 183.097 257.135 34.1801 24.6774 65.7365 123.781 132.551 0.484956 4.20435e-05 118.938 1.79109 0.0727064 2.16574 56.2261 
0.16323 0.0663536 0.0236823 7.73529 8.25052 7.21986e-09 3.90974 0.00613285 68.6987 35.5668 8.5887e-06 62.0135 12.6385 1.95105 0.000166275 0.142547 0.0131378 0.685654 2.21255 0.765933 24.7576 0.0536164 0.000113981 2.0726 0.0177349 
4.22063e-07 0.0412488 1.19571e-09 1.3769 24.0086 8.67998e-09 3.13858 5.0978e-08 0.000931649 0.00381313 1.11008e-06 2.98036 43.2663 1.34646e-06 5.36246e-08 2.62937e-05 2.49009 63.7183 0.0545539 0.124914 0.145683 0.00124892 3.07529e-14 0.0349029 2.5302 
0.0236374 0.0022083 8.96702 0.00166145 4.74016e-05 29.9543 2.36097e-05 0.000102904 7.76327e-05 1.19259e-06 0.256332 0.00183396 3.54252e-05 1.43333 3.37021 2.02113 2.66247e-06 0.0907949 0.00147784 0.00307624 2.1458e-05 8.10367e-05 30.0127 1.22779e-05 9.30011e-09 
27.5822 27.9898 97.9359 4.60802 0.301529 205.491 0.000276681 0.0175148 0.000379328 0.00142151 1.40882 1.24183e-06 0.000351916 91.9767 0.194567 0.0429691 0.00882984 6.95785e-05 7.65071 7.50661e-05 0.0010319 0.0281651 121.76 0.000286295 4.81592e-06 
19.9219 39.3387 52.8038 110.392 5.6571 187.31 0.00492832 3.2774 0.917697 0.00375465 7.81279 0.0251126 0.493719 41.5057 60.0813 106.247 0.000858431 53.6134 61.7673 0.00626138 0.709567 0.46529 218.601 14.4644 95.629 
187.347 95.1178 124.089 308.2 0.00426391 187.975 0.482376 4.92923 211.083 6.08057e-06 78.8833 17.0829 64.288 224.232 115.919 224.678 2.82319 83.9542 207.729 184.518 130.871 43.0934 74.529 1.46818 1.74323 
291.657 242.534 195.122 362.702 143.047 165.973 284.087 200.207 399.385 186.657 203.135 283.667 312.835 373.316 450.06 228.847 333.758 267.621 213.352 231.367 230.966 202.189 246.422 179.395 307.353 
29.8345 95.1944 16.5653 124.201 111.543 0.0166948 56.9317 0.00798418 413.308 89.2961 19.837 200.148 250.573 90.8798 106.607 107.605 106.98 374.357 92.4031 0.0543284 243.441 23.0028 42.1885 189.883 8.26481 
41.2666 114.355 8.35654e-08 2.44447 0.0994209 0.0244602 72.911 6.70254e-05 105.148 64.3434 0.284211 44.612 147.979 114.7 8.37054 3.9584 1.42344 6.87693 0.013678 0.00216073 37.7263 0.000111445 6.00358e-05 74.176 0.468758 
0.00891845 16.1022 0.000104625 3.12011 7.68112 1.25155e-05 0.0601226 5.73351e-08 0.0404303 21.417 0.0713522 30.8778 0.258028 0.00476235 0.0871389 3.45755e-06 0.000469167 2.30644 0.00182441 9.46256e-06 3.42593 2.12544e-06 8.25703e-07 0.767538 0.0645338 
0.0110168 0.0579887 1.94919e-10 15.8086 2.50012e-06 1.0476e-06 0.0502635 2.04527e-10 0.000315876 0.00901667 0.0578873 0.127746 0.178429 0.00112711 0.0271732 0.103896 0.00489285 0.050501 7.61143e-06 9.52965e-05 0.215403 0.0427266 1.87934e-13 0.0220621 0.0013274 
0.0115277 0.00250727 0.000104624 7.13164e-06 6.79524e-07 61.6949 0.0262656 0.012315 0.14625 4.95395e-08 0.00362817 1.33824e-08 5.04513e-06 0.581924 0.0135383 0.0104662 0.000533658 1.3196e-06 1.38152 8.48032e-08 8.93013e-05 4.17022e-06 16.5939 1.00978e-06 5.89953e-08 
0.395099 0.187699 0.0802079 0.349606 1.67582e-05 148.192 0.93286 0.000338223 3.25274 0.00401389 6.7603e-05 6.35345e-07 0.0353791 0.509042 5.25677 0.0019416 1.02233e-05 9.15947e-05 35.6714 0.00013539 3.68605e-06 7.46622e-10 60.3446 0.00729196 3.06859e-08 
1.10528 21.558 0.560048 6.44775 0.00387582 85.0993 4.27186 2.83994 0.0868253 0.00550961 0.0181844 0.0180135 0.0727399 4.69717 1.07325 3.78562 0.0339123 0.907619 7.21278 0.401624 1.11351 0.000112314 3.18058 0.0964297 1.06924e-05 
2.30843 32.0594 9.6257 12.7644 0.000136037 0.136698 24.0123 7.23048e-05 64.5095 0.00976671 1.22049 2.45949 23.0382 60.7918 75.4485 0.00388073 0.00265951 66.4904 23.7493 0.000225621 0.00243712 0.000871625 35.9856 6.55642 0.0307306 
1.68348 134.486 0.145678 29.2665 0.00630015 5.54952 76.8689 9.11969e-06 139.86 3.05464e-05 19.775 0.155978 57.8757 56.3338 14.606 0.0593311 0.00125198 98.7111 0.0195029 0.290321 0.0112188 0.0216022 10.1621 51.596 1.59903 
7.208e-05 19.152 0.000815398 0.858703 0.00538816 0.022045 8.48366 2.02995e-06 240.656 1.78321e-05 0.00247177 80.7477 36.6579 18.5521 0.00366442 0.926795 1.43882 133.297 82.4394 2.74437e-06 0.963174 0.00352804 0.000421848 1.5419 4.88693 
1.89909e-05 7.93 5.34528e-07 4.21301 0.0926099 0.479173 2.81929 1.18416e-09 104.415 1.27126 2.3677e-05 3.20134 25.057 0.00861167 6.52539 0.00238926 1.70191e-05 107.08 0.0156539 2.39722 0.00127708 5.51696e-07 0.109663 17.9877 0.000779673 
0.118305 1.36748e-07 1.49122e-07 0.002922 12.0429 0.0180697 0.018477 1.47314e-07 7.96013 0.0356677 0.000172925 0.378386 0.235959 3.86566e-05 0.000334586 3.55451e-06 0.0023314 16.5289 6.95121e-05 0.489468 0.457196 0.00222424 8.32645e-07 0.00151264 0.0669392 
7.38314e-05 0.00164071 3.17848e-08 0.053541 0.0480061 1.39451e-09 0.0303398 0.000719449 0.00068352 0.000202623 1.43856e-08 0.629864 27.9296 4.86872e-07 0.000101761 2.37154e-05 9.3024e-07 0.0042438 4.89387e-06 0.0313346 0.0213004 8.78036e-05 1.52739e-12 3.54782e-05 0.0541454 
0.435387 1.32341e-08 4.94714e-05 1.81876e-07 1.8255e-09 0.0210359 3.02227e-06 3.33201e-10 0.00242095 9.56567e-09 0.00809289 3.45105e-07 1.44329e-09 0.0203947 4.06599e-07 1.03661e-05 3.85466e-09 7.23606e-06 0.013006 4.82437e-06 0.00448423 5.80304e-10 0.00479794 2.69538e-08 0 
2.75007 0.000319219 0.0106746 0.00108507 4.43129e-05 0.062692 1.07745e-07 1.56245e-09 5.91171e-07 6.30834e-10 0.0575001 1.34818e-07 0.00116551 0.00481473 0.482812 0.00137918 1.26398e-06 0.00102615 0.208205 2.16741e-05 1.18193e-05 7.99783e-07 22.7235 0.000419252 1.49846e-07 
0.386926 0.183169 0.00034546 0.000211165 1.32776e-06 3.15346 0.0019504 2.63262e-10 13.7578 0.00472808 0.450161 0.000548053 0.000221933 0.233469 0.00151685 0.00941471 0.106554 0.000173659 0.00212347 2.06419e-05 0.00106667 0.420127 3.86078 8.40429e-07 0.000893877 
11.1787 0.520739 0.00197311 1.61093 0.145542 62.1379 0.0974283 2.07923e-08 1.50197 1.85339e-06 0.00896145 0.107598 1.34349e-05 0.0148685 0.267012 0.000285998 1.77815e-06 0.0871393 0.0195336 8.09131e-08 0.00195389 0.000102501 8.73427e-05 0.659573 5.43498e-05 
0.00494431 2.48123 0.000452565 26.1673 0.000142684 0.0106131 0.0245047 2.55474e-05 0.517935 1.17203e-05 0.00278141 0.000205427 0.0106006 24.3069 0.00176003 0.0103867 7.75612e-06 1.27182 0.0278504 5.7952e-05 0.00479594 2.06519e-06 0.000820381 0.00747212 0.0012368 
0.0013559 0.00819634 1.11031e-07 0.305383 0.00339145 0.0222768 0.00150542 6.00782e-10 45.1163 4.26014e-05 0.000828788 1.44777 0.931239 0.000391002 0.000368609 1.97609e-05 5.67672e-05 48.0289 0.00414816 0.00319548 0.000103003 0.000106678 0.0180823 0.673763 0.00327184 
8.28543e-05 0.00494115 8.55269e-05 0.0510693 7.25664e-05 0.00100739 0.19649 3.71979e-08 45.2261 0.000857245 0.00220283 0.171828 0.674381 0.00355201 0.00354473 1.05657e-05 0.0115412 2.73465 3.91694e-06 5.65832e-05 0.0282723 1.85189e-07 0.000104463 0.000819498 1.8115e-06 
0.00229615 0.000390677 2.45808e-10 0.0447035 0.00266165 1.22068e-09 5.11226e-06 4.18593e-06 0.00101061 1.10555e-06 0.000436114 4.0181e-05 0.014393 1.398e-05 1.25613e-05 2.9847e-06 3.08438e-06 0.307176 1.6104e-06 9.96378e-05 0.184375 3.14349e-10 1.0251e-14 3.69679e-05 5.91575e-07 
6.4692e-05 0.000729161 1.46157e-09 0.000181074 1.54732e-08 2.33927e-11 6.80347e-06 1.20635e-07 7.31226e-05 0.000618668 8.61564e-08 0.0206399 0.171767 0.000234712 0.000226775 7.38579e-06 0.00163997 0.383241 1.2456e-07 2.06531e-05 0.133716 4.83213e-10 0 0.000431992 3.73352e-07 
0.000200892 6.25309e-13 0.0162303 1.40616e-08 2.31111e-10 0.12777 1.00059e-08 3.12354e-08 2.31119e-05 5.34998e-11 1.61552e-08 1.24794e-08 1.022e-07 9.24786e-06 0.261182 1.32318e-08 2.94886e-12 6.45826e-05 1.80744e-05 1.5004e-11 5.36801e-07 1.7251e-10 15.854 1.85645e-11 0 
0.00409724 5.83895e-11 0.00160085 2.59526e-05 3.96029e-12 12.7794 1.45397e-06 3.63779e-10 4.67811e-08 1.16377e-06 2.08121e-07 7.49687e-12 4.72531e-05 1.74209e-05 2.13462e-05 3.36509e-07 8.33062e-12 0.0107448 0.000161626 1.49181e-07 7.67649e-06 3.86894e-09 0.901206 2.78117e-08 6.15058e-14 
1.69249e-05 3.10458e-07 2.10872e-06 1.50338e-06 7.41061e-09 1.06901 8.27879e-07 1.86675e-08 0.620397 4.22293e-09 0.0417897 2.11103e-07 3.61875e-05 0.000118817 0.0020452 0.000157311 5.35291e-09 8.70533e-06 0.00280752 0.000285592 5.98984e-07 4.3907e-09 0.00449182 1.91233e-05 0 
0.00329697 0.0392451 0.00218975 0.0014188 9.18112e-07 0.000600681 1.70307e-06 0.000334811 15.1408 7.06932e-07 0.00209385 0.000105013 0.0264648 1.45158e-05 5.4898e-07 0.000228874 4.88644e-08 0.0287945 0.0123224 0.0188113 6.56511e-06 3.13899e-09 6.08651 9.0461e-05 2.88584e-07 
6.7428e-05 0.818649 2.29809e-07 2.94357e-05 0.000434303 1.01359 1.41795e-07 1.00163e-07 3.31773 4.09963e-06 2.05362e-06 1.42347e-05 0.0115992 0.260544 6.61333e-06 3.32898e-06 0.000321643 1.44441 0.0232704 0.000286903 6.44039e-06 6.37545e-08 0.0012055 1.52891e-06 7.30622e-09 
0.323393 0.213039 1.57196e-07 0.0038522 0.0346196 1.81855e-07 2.18341e-08 4.60909e-07 0.0518662 2.54029e-05 1.3207e-06 1.45163e-05 7.22161e-05 1.41856e-05 0.000179979 1.69273e-05 2.85416e-09 0.197409 0.000427365 1.40247e-05 0.000500543 3.79273e-09 1.11993e-05 3.14037e-06 0.00954562 
8.48509e-05 3.38795e-05 1.60598e-12 0.000439127 1.13852e-06 7.76901e-06 6.79855e-09 1.71941e-06 0.0305044 0.000155113 4.43731e-08 0.0970414 0.315323 0.00138924 0.00239474 9.39164e-06 6.25537e-05 0.155136 5.84516e-07 9.59029e-06 24.4209 1.76143e-08 0.000241884 0.000817238 4.57647e-07 
2.41457e-06 0.000425803 6.42394e-13 9.92175e-05 1.51031e-12 1.14959e-05 1.80466e-07 1.44427e-09 8.41955 1.19524e-05 1.43789e-08 0.000293496 0.000325183 7.70113e-05 0.00233461 1.58812e-06 2.24907e-09 0.0206412 0.000220192 7.04703e-08 0.0198484 2.28293e-09 6.72805e-12 0.00479912 6.91352e-05 
4.55259e-08 2.24688e-08 1.49527e-11 1.2047e-05 1.40182e-09 5.0799e-09 1.76906e-06 6.0213e-09 0.00400124 1.35493e-09 9.65299e-12 3.18715e-08 0.000222832 3.15123e-06 4.80942e-08 3.29197e-08 1.21378e-10 0.00211983 8.89063e-10 2.73836e-05 0.000292676 5.28564e-09 0 0.00574725 0 
