-120 -240
-120 -180
-120 -120
-120 -60
-120 0
-120 60
-120 120
-120 180
-120 240
-60 -240
-60 -180
-60 -120
-60 -60
-60 0
-60 60
-60 120
-60 180
-60 240
0 -240
0 -180
0 -120
0 -60
0 0
0 60
0 120
0 180
0 240
60 -240
60 -180
60 -120
60 -60
60 0
60 60
60 120
60 180
60 240
120 -240
120 -180
120 -120
120 -60
120 0
120 60
120 120
120 180
120 240
180 -240
180 -180
180 -120
180 -60
180 0
180 60
180 120
180 180
180 240
240 -240
240 -180
240 -120
240 -60
240 0
240 60
240 120
240 180
240 240
300 -240
300 -180
300 -120
300 -60
300 0
300 60
300 120
300 180
300 240
360 -240
360 -180
360 -120
360 -60
360 0
360 60
360 120
360 180
360 240
