98.9592 -88.7593
64.3994 26.8191
58.8503 -156.991
118.609 -7.08774
-9.75572 7.24807
146.965 -141.223
43.3326 48.0323
-37.6878 -86.2956
185.318 78.9064
-15.9832 97.4754
47.6123 -74.5266
68.7623 101.9
123.033 92.0618
98.7172 -58.831
70.2882 -33.2852
77.0437 -46.7886
8.78088 43.827
190.587 40.9864
96.0933 -99.1126
29.5554 44.0525
95.0501 80.5952
-17.3723 6.83755
110.04 -163.154
62.8925 71.072
2.73693 67.1692
59.0511 -89.3467
54.4972 66.4969
133.28 136.047
291.595 -12.9677
135.03 -149.037
149.561 -172.549
214.882 16.8558
192.717 140.323
203.585 121.478
279.262 83.7958
245.947 -104.371
120.372 -156.255
86.5611 -90.0356
86.412 -2.48707
-36.5026 35.739
-38.2793 -72.5831
90.0261 87.4579
79.0404 0.692668
53.0406 -150.214
255.782 -78.3571
155.46 28.9357
32.548 2.47782
135.659 144.632
32.048 36.8455
121.083 -111.707
-25.6528 17.5713
120.781 -2.52575
104.626 73.7634
-1.79351 54.1481
258.422 8.4969
29.847 140.5
63.8013 -140.066
211.687 -98.4155
118.036 17.4826
53.6399 18.4916
99.5544 177.214
168.988 -80.4478
102.55 134.626
-50.758 -32.6428
160.254 79.462
60.8412 136.787
244.983 -101.936
143.871 51.0074
-4.96521 4.4647
138.151 75.1844
-7.56164 -16.8293
196.508 120.725
256.002 -75.8206
224.578 -3.7536
-26.1105 21.2185
