98.9592 -88.7593
64.3994 26.8191
58.8503 -156.991
118.609 -7.08774
-9.75572 7.24807
146.965 -141.223
43.3326 48.0323
-37.6878 -86.2956
185.318 78.9064
-15.9832 97.4754
47.6123 -74.5266
68.7623 101.9
123.033 92.0618
98.7172 -58.831
70.2882 -33.2852
77.0437 -46.7886
8.78088 43.827
190.587 40.9864
96.0933 -99.1126
29.5554 44.0525
95.0501 80.5952
-17.3723 6.83755
110.04 -163.154
62.8925 71.072
2.73693 67.1692
59.0511 -89.3467
54.4972 66.4969
133.28 136.047
291.595 -12.9677
135.03 -149.037
149.561 -172.549
214.882 16.8558
192.717 140.323
203.585 121.478
279.262 83.7958
245.947 -104.371
120.372 -156.255
86.5611 -90.0356
86.412 -2.48707
-36.5026 35.739
-38.2793 -72.5831
90.0261 87.4579
79.0404 0.692668
53.0406 -150.214
255.782 -78.3571
155.46 28.9357
32.548 2.47782
135.659 144.632
32.048 36.8455
121.083 -111.707
-25.6528 17.5713
120.781 -2.52575
104.626 73.7634
-1.79351 54.1481
258.422 8.4969
29.847 140.5
63.8013 -140.066
211.687 -98.4155
118.036 17.4826
53.6399 18.4916
99.5544 177.214
168.988 -80.4478
102.55 134.626
-50.758 -32.6428
160.254 79.462
60.8412 136.787
244.983 -101.936
143.871 51.0074
-4.96521 4.4647
138.151 75.1844
-7.56164 -16.8293
196.508 120.725
256.002 -75.8206
224.578 -3.7536
-26.1105 21.2185
60.2564 151.218
36.6068 -3.77746
89.2602 156.891
125.322 -61.0652
192.793 59.1054
15.8715 -7.63886
197.628 -49.4221
126.186 30.7228
51.7241 79.3291
206.023 -110.94
85.8285 -138.091
-8.68857 102.51
138.621 157.764
33.5749 80.9802
22.3806 -31.1512
-46.49 -61.9795
204.081 2.1848
91.0905 -34.0746
184.24 24.3426
184.592 17.9005
205.986 -85.9308
94.5647 92.7753
126.425 -79.9183
50.7041 75.805
211.101 -92.8322
269.585 27.9739
-7.51504 -43.2501
126.78 110.503
224.795 -92.6177
-4.61033 31.7956
151.046 83.2198
79.8087 142.705
176.95 -125.232
25.9692 -36.8795
58.6539 -126.075
164.236 -113.545
242.027 -132.305
-10.6814 74.0044
278.404 61.4975
-20.8419 19.1797
16.875 -13.7917
42.1754 -43.1878
80.3471 101.643
247.578 -70.2589
22.7513 -143.771
66.0293 75.0339
61.3874 -15.4794
-12.8515 44.0414
85.635 166.887
72.142 161.405
-43.6237 -68.9597
81.4397 -173.488
86.6975 -3.70177
18.2883 136.283
92.382 -30.4588
187.425 -69.0382
190.145 123.677
289.691 -13.3782
87.1059 45.6266
199.27 -152.706
216.92 42.2751
200.407 2.70557
209.04 -76.5861
250.424 -81.2621
153.224 100.974
276.413 27.3505
169.374 -109.655
122.27 44.1598
149.209 10.7411
165.537 20.5818
-49.7797 28.1255
-25.0576 -8.60413
33.6985 49.7334
113.985 163.755
-11.49 121.147
153.155 -87.9364
162.007 -104.108
93.8888 -61.5957
276.873 -7.28568
-5.15197 84.8405
160.894 103.616
5.93301 8.49103
35.895 -1.25232
31.092 61.7749
183.52 137.434
233.978 35.4799
9.31745 -85.5109
104.39 155.622
182.308 -57.5265
76.788 -25.2072
53.5843 9.46918
191.072 132.246
188.004 25.2679
198.83 119.247
31.5542 142.081
-18.017 54.0008
55.8973 -145.227
159.204 137.754
32.8631 -78.2278
234.609 -58.8764
264.356 78.922
-57.5419 16.3361
95.742 -72.4278
257.225 77.2109
161.782 -44.9992
-28.8059 66.5078
-29.2957 5.32094
-24.5102 3.86851
10.054 116.021
253.616 -71.1459
161.206 -63.7916
31.8235 -130.675
-22.2108 33.967
45.8336 -32.1009
-5.75537 65.1587
83.9599 147.214
110.949 102.768
89.8186 -77.2749
125.862 -10.2265
-26.8262 -96.3037
20.2792 21.2907
37.5794 -158.447
-19.4317 113.182
88.8062 -100.507
231.398 -24.3882
253.155 85.1022
255.479 51.8021
39.0078 -49.995
120.875 -118.705
74.1641 -3.26486
242.233 -66.698
74.9963 127.602
24.1085 4.2186
247.596 -16.6403
65.3653 109.758
161.095 102.976
62.5627 158.82
23.1102 144.294
45.3795 -157.369
256.433 47.9743
165.384 -122.181
-9.96504 -98.1566
70.2092 -73.4765
118.566 -97.4883
-51.8504 -39.1237
236.473 95.3198
-35.803 3.72431
191.201 134.155
69.6181 -114.426
92.9415 -5.13089
9.40558 -110.907
55.525 148.626
14.8454 5.6143
182.797 -133.143
165.922 50.5446
173.4 50.9796
52.6193 23.6791
265.199 38.1906
79.1302 124.409
67.8984 33.3453
13.0061 110.382
29.5373 142.606
175.382 -133.538
66.9294 -9.50491
-25.7026 -51.2464
235.171 104.41
143.33 -105.604
57.3429 27.3078
183.857 33.6685
159.952 87.472
-20.9133 -18.7115
11.5676 14.1593
51.3195 162.785
243.713 89.4908
-17.9235 -95.7129
121.68 146.056
2.54735 -90.3282
76.5036 120.546
234.12 -85.9025
0.351477 -67.7642
79.9435 -166.812
92.653 -61.7165
198.88 -27.4943
262.583 -86.4764
185.679 21.9143
-4.66939 116.608
-23.4514 -60.8571
161.218 45.3397
-40.3017 -81.8495
54.5442 133.468
149.525 -2.9918
0.405457 -61.568
21.0566 -105.003
20.2668 71.4957
115.015 -147.696
28.4822 65.4553
131.443 -117.317
244.678 -13.8191
191.517 126.519
-56.4676 28.4106
-40.1012 -50.8442
94.1697 10.965
73.288 154.491
66.6706 42.1428
188.637 -111.093
22.6399 -136.955
287.098 -49.8049
35.0914 12.3564
219.482 -94.7303
134.428 -53.1222
105.646 148.293
132.451 -158.996
188.951 -140.219
70.7384 65.1892
281.635 -26.4007
40.8878 -155.831
73.6221 -140.866
-19.2532 36.1303
195.52 35.3835
257.909 -1.7503
35.8828 -98.8036
235.289 52.625
138.053 23.6197
212.509 -147.996
89.4398 177.106
-32.5407 -38.6054
141.576 11.9382
28.6513 -40.4512
15.7968 122.03
58.0707 135.535
54.1944 -94.9234
35.0558 109.647
81.8757 -171.86
45.7318 -77.3957
182.509 -12.9403
98.4948 107.522
122.464 108.754
259.135 73.6889
255.594 -109.226
156.04 7.9478
2.02046 6.3254
271.222 0.859482
246.079 -105.376
52.3168 107.549
74.9591 -48.4606
56.6193 114.086
211.985 -77.0851
111.638 -63.9987
155.992 24.236
97.801 -79.5747
203.11 -77.6374
-14.5499 -35.0316
288.76 -25.9352
-5.75532 23.9865
186.215 16.6484
-25.6739 -12.3764
-52.4572 -23.816
5.49937 -62.477
151.635 -51.805
84.5596 48.2914
239.498 -74.3809
54.4041 47.3992
67.807 43.3274
-13.8789 94.3875
199.528 60.8856
-7.27608 27.6721
75.8265 -59.2754
94.7302 81.7864
197.894 -62.5341
15.91 14.1003
93.6283 127.899
53.3328 37.4511
79.0398 23.9134
138.733 -139.082
115.679 -56.9646
-29.1528 25.33
26.4935 -1.11479
195.186 -125.929
97.0741 -119.688
-36.3025 -10.4179
117.62 -69.2908
36.8033 142.079
33.3343 -23.3988
5.94133 -62.7531
214.135 46.0608
89.7374 -63.7241
100.424 -103.883
46.3607 -25.2022
-30.5183 -4.69506
261.831 81.1585
-8.04109 -71.0277
7.25936 -118.457
21.2859 -59.7958
109.02 -63.3871
225.317 61.7395
289.666 -20.8412
187.413 64.4162
209.073 75.1605
-49.1953 -6.17315
-32.6882 54.9874
149.59 65.5334
84.9247 19.1285
224.81 -113.157
125.634 -156.646
221.189 116.698
192.101 151.082
-27.4331 -49.4146
-18.123 -57.0302
17.4326 47.0999
69.9554 60.0581
45.8317 -8.73629
-23.6209 89.059
252.622 24.8304
186.29 23.3814
226.787 96.5935
16.4188 -108.2
65.7312 25.7624
225.966 111.573
28.5612 95.3885
145.074 -164.876
118.773 -25.6298
252.122 59.6921
102.663 -62.3384
71.5534 103.271
269.703 -18.432
189.502 104.454
157.35 126.373
46.1592 7.57726
45.681 10.4174
258.069 62.5964
106.412 -2.07593
200.131 -160.466
-17.5067 71.8895
13.1753 -59.772
122.303 -160.415
70.7466 37.9357
-37.1739 34.2669
133.863 -52.9153
136.812 -46.8198
198.825 136.742
134.554 -114.53
-40.9143 31.3747
264.393 -73.0915
84.263 64.2463
75.5743 123.538
30.7186 8.87983
209.238 -45.5351
202.089 105.951
93.3481 -56.7836
148.632 -77.7708
228.168 -119.193
237.969 73.9336
52.3048 -133.97
23.4436 -82.3635
22.9578 -137.263
221.153 38.2976
89.6593 26.4716
104.016 -151.126
206.985 99.7355
-18.5456 -62.1182
297.208 25.9644
212.893 10.2299
5.27394 19.8303
203.789 -124.799
162.579 -36.5519
95.1255 75.5354
282.225 -65.6891
-7.21034 -78.8636
232.977 80.6969
264.037 99.6741
-35.7733 -68.1204
124.927 -116.286
192.163 86.2408
34.2314 88.535
198.84 -5.74026
159.174 -27.4176
21.9287 133.261
37.2901 6.02221
80.4956 -31.0319
164.933 2.01559
257.355 57.0717
41.7401 -117.881
194.479 115.938
215.173 -60.3478
19.6093 77.7716
82.738 7.25203
59.9671 -49.4507
187.693 -140.819
63.9992 6.67238
121.735 88.7237
59.8651 42.3499
165.309 154.24
128.627 -66.1638
156.62 33.9389
250.915 -12.81
115.842 100.744
23.304 73.995
29.5064 -110.026
4.50281 -89.5355
267.105 -97.2255
168.713 -13.0303
10.9354 -36.6062
66.3219 53.7549
57.8529 -58.4944
37.3281 148.085
254.633 98.4
253.519 47.7734
216.753 -57.1449
-45.8467 -38.0042
148.675 99.637
-15.2 -60.4311
268.47 -41.2099
120.626 57.9482
40.8839 -68.9036
0.46395 -15.159
265.261 51.8865
11.1359 -6.38566
228.199 1.55318
186.887 157.008
138.714 -152.311
37.3448 140.975
102.59 84.9294
78.1654 35.0319
19.7247 -46.6941
-42.4698 -69.5162
175.621 128.061
228.225 85.0808
114.941 -80.5297
141.274 -66.0837
171.43 -121.172
225.017 -9.21219
143.46 -149.468
148.006 -140.731
217.921 -93.2685
192.357 -84.3131
22.99 61.7266
70.4065 140.517
278.365 -19.4338
203.165 -129.438
125.583 -29.7019
77.1759 -84.7432
137.604 -121.316
62.779 144.557
117.836 -65.2207
149.926 36.7322
-3.62568 -47.8954
127.789 115.518
128.567 -153.712
193.202 -147.336
208.646 69.0692
-0.674743 -123.682
-45.7449 57.3189
252.099 -80.6943
123.393 -43.8397
84.0723 50.6531
249.835 -96.2532
161.792 -47.218
167.907 -63.9919
236.052 -76.1254
24.9909 94.8407
110.535 50.4716
75.329 -113.652
166.051 3.76246
166.954 9.23526
198.942 26.9362
241.366 104.229
118.776 -73.605
188.767 -55.5576
282.435 -45.4715
221.241 -28.5506
78.859 5.70456
268.401 -81.1877
155.218 120.14
99.3102 -50.4757
162.414 97.2943
-37.5553 -73.7443
105.819 37.4265
227.982 -142.995
64.0411 41.7287
80.4615 103.855
244.527 -91.1838
64.1993 68.6573
33.9733 99.5155
145.308 -72.4838
139.104 61.6508
172.866 -25.1362
236.45 -103.231
50.3647 87.4142
90.5928 60.7058
183.482 65.1021
190.358 -132.237
89.8896 133.598
152.359 -158.973
108.052 79.4868
-46.4157 -8.50914
211.802 -102.245
171.542 -53.0781
261.647 -108.969
17.2076 111.308
169.945 -52.2358
-24.0063 -92.3447
139.913 -157.128
58.4319 103.751
197.24 86.7272
78.353 -43.7985
153.658 167.39
146.936 -72.2514
-48.8559 49.7988
204.965 -124.564
233.878 16.1022
277.72 36.8253
232.474 27.9958
111.286 -157.788
103.95 -148.071
74.5742 -74.9555
229.352 -52.877
137.899 -29.1806
96.6105 -175.244
-1.64356 -85.5324
20.7403 -141.53
112.154 -30.7972
44.5796 -108.701
29.5415 9.52034
-26.4565 57.5865
138.247 -99.8208
276.362 3.14357
255.896 110.616
67.666 -15.8434
69.6267 6.87711
183.531 63.653
250.663 -52.887
131.834 -76.2456
21.6593 132.365
128.665 -118.592
92.2295 -41.6642
106.756 -5.42685
29.8383 -62.7779
151.402 60.9132
196.916 -118.603
237.922 -65.0444
152.472 55.782
123.361 -119.757
294.203 -23.6475
235.576 -8.88876
140.323 -83.7893
28.9817 43.0242
145.947 25.7822
123.951 93.5356
246.5 122.034
252.127 -118.695
38.5019 -29.1072
-40.8174 -55.1934
20.3896 93.7722
266.245 27.3649
108.727 -19.8128
169.561 79.0867
50.1403 -8.18625
45.686 -25.6686
59.9592 -152.918
89.0304 176.884
-28.3358 78.1127
-1.4027 -49.3007
57.3668 82.5603
72.3921 55.4506
194.862 116.126
143.142 125.282
16.8548 129.361
243.439 94.6062
200.765 -65.2332
-27.3165 60.9487
122.498 -170.421
76.6913 10.1001
124.585 168.254
52.9028 33.8655
199.081 -41.9641
236.703 -0.973211
4.49889 -84.7125
35.0462 -107.419
202.674 -91.4486
227.743 -59.2994
7.05961 82.4747
99.656 115.673
107.112 -60.3585
38.7009 -104.607
-45.9527 4.66335
192.271 -135.6
232.959 -107.324
99.775 -73.7469
101.169 89.6867
20.1206 -89.0583
26.5014 33.8234
208.237 -6.04306
98.9531 -123.703
230.76 -139.18
-23.4821 35.379
242.369 112.787
136.356 99.2825
132.302 -64.5027
161.143 -151.262
70.9093 -22.8392
99.9475 27.1141
35.6504 -31.8537
191.008 121.322
77.0494 -163.314
150.656 78.2355
67.9706 140.708
29.5025 140.503
238.06 3.15014
33.846 45.7553
173.274 -96.7678
174.416 104.791
49.9242 58.5783
169.402 -164.692
81.1104 -8.0552
-3.13625 54.5749
-36.1451 39.3883
186.223 -85.6822
188.557 34.9212
-21.8977 44.6604
114.202 -162.623
74.9208 -44.8612
216.596 58.795
111.651 -163.787
3.33812 -20.0386
68.8348 -34.2284
83.0027 -15.9259
252.489 -104.6
119.006 115.557
50.2383 139.388
48.0296 -129.031
157.606 -133.248
231.117 126.225
38.0808 86.6023
48.8433 -139.245
81.5577 -40.6318
59.6787 -101.719
162.561 173.274
220.182 -37.5021
135.893 -19.0718
82.0236 -124.953
55.0253 19.5307
21.7718 -23.2379
4.946 -48.6555
129.336 102.838
-18.2802 -45.3549
207.069 -145.206
91.2012 -160.565
149.891 34.4275
56.0137 64.8134
110.49 134.593
36.0498 140.26
146.014 -77.3032
233.032 -25.6668
276.058 55.7432
3.00821 30.2702
108.858 100.287
54.2228 -16.5233
122.572 -163.031
276.118 -80.1135
93.9575 55.5969
224.235 -98.5314
170.756 92.962
30.0834 -35.2446
-16.5151 106.33
180.514 -91.3272
186.312 -15.2478
167.856 13.0173
252.325 11.8174
66.9758 19.2461
82.6993 57.6517
60.4762 -123.641
-0.73724 -133.244
187.555 -112.182
163.578 118.318
61.5745 95.7632
