98.9592 -88.7593
64.3994 26.8191
58.8503 -156.991
118.609 -7.08774
-9.75572 7.24807
146.965 -141.223
43.3326 48.0323
-37.6878 -86.2956
185.318 78.9064
-15.9832 97.4754
47.6123 -74.5266
68.7623 101.9
123.033 92.0618
98.7172 -58.831
70.2882 -33.2852
77.0437 -46.7886
8.78088 43.827
190.587 40.9864
96.0933 -99.1126
29.5554 44.0525
95.0501 80.5952
-17.3723 6.83755
110.04 -163.154
62.8925 71.072
2.73693 67.1692
59.0511 -89.3467
54.4972 66.4969
133.28 136.047
291.595 -12.9677
135.03 -149.037
149.561 -172.549
214.882 16.8558
192.717 140.323
203.585 121.478
279.262 83.7958
245.947 -104.371
120.372 -156.255
86.5611 -90.0356
86.412 -2.48707
-36.5026 35.739
-38.2793 -72.5831
90.0261 87.4579
79.0404 0.692668
53.0406 -150.214
255.782 -78.3571
155.46 28.9357
32.548 2.47782
135.659 144.632
32.048 36.8455
121.083 -111.707
-25.6528 17.5713
120.781 -2.52575
104.626 73.7634
-1.79351 54.1481
258.422 8.4969
29.847 140.5
63.8013 -140.066
211.687 -98.4155
118.036 17.4826
53.6399 18.4916
99.5544 177.214
168.988 -80.4478
102.55 134.626
-50.758 -32.6428
160.254 79.462
60.8412 136.787
244.983 -101.936
143.871 51.0074
-4.96521 4.4647
138.151 75.1844
-7.56164 -16.8293
196.508 120.725
256.002 -75.8206
224.578 -3.7536
-26.1105 21.2185
60.2564 151.218
36.6068 -3.77746
89.2602 156.891
125.322 -61.0652
192.793 59.1054
15.8715 -7.63886
197.628 -49.4221
126.186 30.7228
51.7241 79.3291
206.023 -110.94
85.8285 -138.091
-8.68857 102.51
138.621 157.764
33.5749 80.9802
22.3806 -31.1512
-46.49 -61.9795
204.081 2.1848
91.0905 -34.0746
184.24 24.3426
184.592 17.9005
205.986 -85.9308
94.5647 92.7753
126.425 -79.9183
50.7041 75.805
211.101 -92.8322
269.585 27.9739
-7.51504 -43.2501
126.78 110.503
224.795 -92.6177
-4.61033 31.7956
151.046 83.2198
79.8087 142.705
176.95 -125.232
25.9692 -36.8795
58.6539 -126.075
164.236 -113.545
242.027 -132.305
-10.6814 74.0044
278.404 61.4975
-20.8419 19.1797
16.875 -13.7917
42.1754 -43.1878
80.3471 101.643
247.578 -70.2589
22.7513 -143.771
66.0293 75.0339
61.3874 -15.4794
-12.8515 44.0414
85.635 166.887
72.142 161.405
-43.6237 -68.9597
81.4397 -173.488
86.6975 -3.70177
18.2883 136.283
92.382 -30.4588
187.425 -69.0382
190.145 123.677
289.691 -13.3782
87.1059 45.6266
199.27 -152.706
216.92 42.2751
200.407 2.70557
209.04 -76.5861
250.424 -81.2621
153.224 100.974
276.413 27.3505
169.374 -109.655
122.27 44.1598
149.209 10.7411
165.537 20.5818
-49.7797 28.1255
-25.0576 -8.60413
33.6985 49.7334
113.985 163.755
-11.49 121.147
153.155 -87.9364
162.007 -104.108
93.8888 -61.5957
276.873 -7.28568
-5.15197 84.8405
160.894 103.616
5.93301 8.49103
35.895 -1.25232
31.092 61.7749
183.52 137.434
233.978 35.4799
9.31745 -85.5109
104.39 155.622
182.308 -57.5265
76.788 -25.2072
53.5843 9.46918
191.072 132.246
188.004 25.2679
198.83 119.247
31.5542 142.081
-18.017 54.0008
55.8973 -145.227
159.204 137.754
32.8631 -78.2278
234.609 -58.8764
264.356 78.922
-57.5419 16.3361
95.742 -72.4278
257.225 77.2109
161.782 -44.9992
-28.8059 66.5078
-29.2957 5.32094
-24.5102 3.86851
10.054 116.021
253.616 -71.1459
161.206 -63.7916
31.8235 -130.675
-22.2108 33.967
45.8336 -32.1009
-5.75537 65.1587
83.9599 147.214
110.949 102.768
89.8186 -77.2749
125.862 -10.2265
-26.8262 -96.3037
20.2792 21.2907
37.5794 -158.447
-19.4317 113.182
88.8062 -100.507
231.398 -24.3882
253.155 85.1022
255.479 51.8021
39.0078 -49.995
120.875 -118.705
74.1641 -3.26486
242.233 -66.698
74.9963 127.602
24.1085 4.2186
247.596 -16.6403
65.3653 109.758
161.095 102.976
62.5627 158.82
23.1102 144.294
45.3795 -157.369
256.433 47.9743
165.384 -122.181
-9.96504 -98.1566
70.2092 -73.4765
118.566 -97.4883
-51.8504 -39.1237
236.473 95.3198
-35.803 3.72431
191.201 134.155
69.6181 -114.426
92.9415 -5.13089
9.40558 -110.907
55.525 148.626
14.8454 5.6143
182.797 -133.143
165.922 50.5446
173.4 50.9796
52.6193 23.6791
265.199 38.1906
79.1302 124.409
67.8984 33.3453
13.0061 110.382
29.5373 142.606
175.382 -133.538
66.9294 -9.50491
-25.7026 -51.2464
235.171 104.41
143.33 -105.604
57.3429 27.3078
183.857 33.6685
159.952 87.472
-20.9133 -18.7115
11.5676 14.1593
51.3195 162.785
243.713 89.4908
-17.9235 -95.7129
121.68 146.056
2.54735 -90.3282
76.5036 120.546
234.12 -85.9025
0.351477 -67.7642
79.9435 -166.812
92.653 -61.7165
198.88 -27.4943
262.583 -86.4764
185.679 21.9143
-4.66939 116.608
-23.4514 -60.8571
161.218 45.3397
-40.3017 -81.8495
54.5442 133.468
149.525 -2.9918
0.405457 -61.568
21.0566 -105.003
20.2668 71.4957
115.015 -147.696
28.4822 65.4553
131.443 -117.317
244.678 -13.8191
191.517 126.519
-56.4676 28.4106
-40.1012 -50.8442
94.1697 10.965
73.288 154.491
66.6706 42.1428
188.637 -111.093
22.6399 -136.955
287.098 -49.8049
35.0914 12.3564
219.482 -94.7303
134.428 -53.1222
105.646 148.293
132.451 -158.996
188.951 -140.219
70.7384 65.1892
281.635 -26.4007
40.8878 -155.831
73.6221 -140.866
-19.2532 36.1303
195.52 35.3835
257.909 -1.7503
35.8828 -98.8036
235.289 52.625
138.053 23.6197
212.509 -147.996
89.4398 177.106
-32.5407 -38.6054
141.576 11.9382
28.6513 -40.4512
15.7968 122.03
58.0707 135.535
54.1944 -94.9234
35.0558 109.647
81.8757 -171.86
45.7318 -77.3957
182.509 -12.9403
98.4948 107.522
122.464 108.754
259.135 73.6889
255.594 -109.226
156.04 7.9478
2.02046 6.3254
271.222 0.859482
246.079 -105.376
52.3168 107.549
74.9591 -48.4606
56.6193 114.086
211.985 -77.0851
111.638 -63.9987
155.992 24.236
97.801 -79.5747
203.11 -77.6374
-14.5499 -35.0316
288.76 -25.9352
-5.75532 23.9865
186.215 16.6484
-25.6739 -12.3764
-52.4572 -23.816
5.49937 -62.477
151.635 -51.805
84.5596 48.2914
239.498 -74.3809
54.4041 47.3992
67.807 43.3274
-13.8789 94.3875
199.528 60.8856
-7.27608 27.6721
75.8265 -59.2754
94.7302 81.7864
197.894 -62.5341
15.91 14.1003
93.6283 127.899
53.3328 37.4511
79.0398 23.9134
138.733 -139.082
115.679 -56.9646
-29.1528 25.33
26.4935 -1.11479
195.186 -125.929
97.0741 -119.688
-36.3025 -10.4179
117.62 -69.2908
36.8033 142.079
33.3343 -23.3988
5.94133 -62.7531
214.135 46.0608
89.7374 -63.7241
100.424 -103.883
46.3607 -25.2022
-30.5183 -4.69506
261.831 81.1585
-8.04109 -71.0277
7.25936 -118.457
21.2859 -59.7958
109.02 -63.3871
225.317 61.7395
289.666 -20.8412
187.413 64.4162
209.073 75.1605
-49.1953 -6.17315
-32.6882 54.9874
149.59 65.5334
84.9247 19.1285
224.81 -113.157
125.634 -156.646
221.189 116.698
192.101 151.082
-27.4331 -49.4146
-18.123 -57.0302
17.4326 47.0999
69.9554 60.0581
45.8317 -8.73629
-23.6209 89.059
252.622 24.8304
186.29 23.3814
226.787 96.5935
16.4188 -108.2
65.7312 25.7624
225.966 111.573
28.5612 95.3885
145.074 -164.876
118.773 -25.6298
252.122 59.6921
102.663 -62.3384
71.5534 103.271
269.703 -18.432
189.502 104.454
157.35 126.373
46.1592 7.57726
45.681 10.4174
258.069 62.5964
106.412 -2.07593
200.131 -160.466
-17.5067 71.8895
13.1753 -59.772
122.303 -160.415
70.7466 37.9357
-37.1739 34.2669
133.863 -52.9153
136.812 -46.8198
198.825 136.742
134.554 -114.53
-40.9143 31.3747
264.393 -73.0915
84.263 64.2463
75.5743 123.538
30.7186 8.87983
209.238 -45.5351
202.089 105.951
93.3481 -56.7836
148.632 -77.7708
228.168 -119.193
237.969 73.9336
52.3048 -133.97
23.4436 -82.3635
22.9578 -137.263
221.153 38.2976
89.6593 26.4716
104.016 -151.126
206.985 99.7355
-18.5456 -62.1182
297.208 25.9644
212.893 10.2299
5.27394 19.8303
203.789 -124.799
162.579 -36.5519
95.1255 75.5354
282.225 -65.6891
-7.21034 -78.8636
232.977 80.6969
264.037 99.6741
-35.7733 -68.1204
124.927 -116.286
192.163 86.2408
34.2314 88.535
198.84 -5.74026
159.174 -27.4176
21.9287 133.261
37.2901 6.02221
80.4956 -31.0319
164.933 2.01559
257.355 57.0717
41.7401 -117.881
194.479 115.938
215.173 -60.3478
19.6093 77.7716
82.738 7.25203
59.9671 -49.4507
187.693 -140.819
63.9992 6.67238
121.735 88.7237
59.8651 42.3499
165.309 154.24
128.627 -66.1638
156.62 33.9389
250.915 -12.81
115.842 100.744
23.304 73.995
29.5064 -110.026
4.50281 -89.5355
267.105 -97.2255
168.713 -13.0303
10.9354 -36.6062
66.3219 53.7549
57.8529 -58.4944
37.3281 148.085
254.633 98.4
253.519 47.7734
216.753 -57.1449
-45.8467 -38.0042
148.675 99.637
-15.2 -60.4311
268.47 -41.2099
120.626 57.9482
40.8839 -68.9036
0.46395 -15.159
265.261 51.8865
11.1359 -6.38566
228.199 1.55318
186.887 157.008
138.714 -152.311
37.3448 140.975
102.59 84.9294
78.1654 35.0319
19.7247 -46.6941
-42.4698 -69.5162
175.621 128.061
228.225 85.0808
114.941 -80.5297
141.274 -66.0837
171.43 -121.172
225.017 -9.21219
143.46 -149.468
148.006 -140.731
217.921 -93.2685
192.357 -84.3131
22.99 61.7266
70.4065 140.517
278.365 -19.4338
203.165 -129.438
125.583 -29.7019
77.1759 -84.7432
137.604 -121.316
62.779 144.557
117.836 -65.2207
149.926 36.7322
-3.62568 -47.8954
127.789 115.518
128.567 -153.712
193.202 -147.336
208.646 69.0692
-0.674743 -123.682
-45.7449 57.3189
252.099 -80.6943
123.393 -43.8397
84.0723 50.6531
249.835 -96.2532
161.792 -47.218
167.907 -63.9919
236.052 -76.1254
24.9909 94.8407
110.535 50.4716
75.329 -113.652
166.051 3.76246
166.954 9.23526
198.942 26.9362
241.366 104.229
118.776 -73.605
188.767 -55.5576
282.435 -45.4715
221.241 -28.5506
78.859 5.70456
268.401 -81.1877
155.218 120.14
99.3102 -50.4757
162.414 97.2943
-37.5553 -73.7443
105.819 37.4265
227.982 -142.995
64.0411 41.7287
80.4615 103.855
244.527 -91.1838
64.1993 68.6573
33.9733 99.5155
145.308 -72.4838
139.104 61.6508
172.866 -25.1362
236.45 -103.231
50.3647 87.4142
90.5928 60.7058
183.482 65.1021
190.358 -132.237
89.8896 133.598
152.359 -158.973
108.052 79.4868
-46.4157 -8.50914
211.802 -102.245
171.542 -53.0781
261.647 -108.969
17.2076 111.308
169.945 -52.2358
-24.0063 -92.3447
139.913 -157.128
58.4319 103.751
197.24 86.7272
78.353 -43.7985
153.658 167.39
146.936 -72.2514
-48.8559 49.7988
204.965 -124.564
233.878 16.1022
277.72 36.8253
232.474 27.9958
111.286 -157.788
103.95 -148.071
74.5742 -74.9555
229.352 -52.877
137.899 -29.1806
96.6105 -175.244
-1.64356 -85.5324
20.7403 -141.53
112.154 -30.7972
44.5796 -108.701
29.5415 9.52034
-26.4565 57.5865
138.247 -99.8208
276.362 3.14357
255.896 110.616
67.666 -15.8434
69.6267 6.87711
183.531 63.653
250.663 -52.887
131.834 -76.2456
21.6593 132.365
128.665 -118.592
92.2295 -41.6642
106.756 -5.42685
29.8383 -62.7779
151.402 60.9132
196.916 -118.603
237.922 -65.0444
152.472 55.782
123.361 -119.757
294.203 -23.6475
235.576 -8.88876
140.323 -83.7893
28.9817 43.0242
145.947 25.7822
123.951 93.5356
246.5 122.034
252.127 -118.695
38.5019 -29.1072
-40.8174 -55.1934
20.3896 93.7722
266.245 27.3649
108.727 -19.8128
169.561 79.0867
50.1403 -8.18625
45.686 -25.6686
59.9592 -152.918
89.0304 176.884
-28.3358 78.1127
-1.4027 -49.3007
57.3668 82.5603
72.3921 55.4506
194.862 116.126
143.142 125.282
16.8548 129.361
243.439 94.6062
200.765 -65.2332
-27.3165 60.9487
122.498 -170.421
76.6913 10.1001
124.585 168.254
52.9028 33.8655
199.081 -41.9641
236.703 -0.973211
4.49889 -84.7125
35.0462 -107.419
202.674 -91.4486
227.743 -59.2994
7.05961 82.4747
99.656 115.673
107.112 -60.3585
38.7009 -104.607
-45.9527 4.66335
192.271 -135.6
232.959 -107.324
99.775 -73.7469
101.169 89.6867
20.1206 -89.0583
26.5014 33.8234
208.237 -6.04306
98.9531 -123.703
230.76 -139.18
-23.4821 35.379
242.369 112.787
136.356 99.2825
132.302 -64.5027
161.143 -151.262
70.9093 -22.8392
99.9475 27.1141
35.6504 -31.8537
191.008 121.322
77.0494 -163.314
150.656 78.2355
67.9706 140.708
29.5025 140.503
238.06 3.15014
33.846 45.7553
173.274 -96.7678
174.416 104.791
49.9242 58.5783
169.402 -164.692
81.1104 -8.0552
-3.13625 54.5749
-36.1451 39.3883
186.223 -85.6822
188.557 34.9212
-21.8977 44.6604
114.202 -162.623
74.9208 -44.8612
216.596 58.795
111.651 -163.787
3.33812 -20.0386
68.8348 -34.2284
83.0027 -15.9259
252.489 -104.6
119.006 115.557
50.2383 139.388
48.0296 -129.031
157.606 -133.248
231.117 126.225
38.0808 86.6023
48.8433 -139.245
81.5577 -40.6318
59.6787 -101.719
162.561 173.274
220.182 -37.5021
135.893 -19.0718
82.0236 -124.953
55.0253 19.5307
21.7718 -23.2379
4.946 -48.6555
129.336 102.838
-18.2802 -45.3549
207.069 -145.206
91.2012 -160.565
149.891 34.4275
56.0137 64.8134
110.49 134.593
36.0498 140.26
146.014 -77.3032
233.032 -25.6668
276.058 55.7432
3.00821 30.2702
108.858 100.287
54.2228 -16.5233
122.572 -163.031
276.118 -80.1135
93.9575 55.5969
224.235 -98.5314
170.756 92.962
30.0834 -35.2446
-16.5151 106.33
180.514 -91.3272
186.312 -15.2478
167.856 13.0173
252.325 11.8174
66.9758 19.2461
82.6993 57.6517
60.4762 -123.641
-0.73724 -133.244
187.555 -112.182
163.578 118.318
61.5745 95.7632
20.4792 -9.01702
188.44 90.0739
96.2814 168.655
43.2879 104.359
172.693 -158.663
126.686 60.6799
-14.0707 -113.012
204.59 -133.283
163.813 -47.4362
45.5941 -44.4502
168.437 26.4314
185.291 -3.92053
46.9454 -141.964
19.0306 -129.821
19.0941 96.7797
0.0553139 -14.99
152.537 -122.879
201.251 19.844
-40.4047 -28.8388
261.693 25.2759
-22.0415 53.9654
202.635 -3.06819
108.357 18.5114
143.939 -47.5133
138.995 27.3277
223.986 -22.1146
-21.0579 -64.3414
47.0074 154.199
163.096 75.3077
233.037 82.8055
167.241 -154.626
226.09 40.2315
60.1339 159.568
35.4889 -36.1129
123.775 -82.4117
103.978 -100.141
298.245 6.9682
270.948 -60.6106
246.139 114.925
249.822 -32.3915
263.191 83.4967
143.028 88.1977
95.6434 -49.7339
61.1665 -40.3289
11.5207 141.787
75.0852 15.4341
280.54 -49.811
25.4877 -71.8866
-52.8728 -35.0567
202.368 -116.692
99.1841 -59.927
72.1675 -8.82779
33.5052 26.6041
192.835 -107.287
138.903 123.908
120.046 81.0976
38.6745 110.681
139.43 -85.1031
193.783 47.232
248.656 30.1316
64.6418 119.496
237.666 -76.3866
26.7817 77.1578
132.329 -147.6
-26.7667 66.5113
-17.1316 -69.0062
14.2954 115.614
201.036 74.5682
129.999 -75.7975
-22.1182 60.2234
34.5706 67.956
28.8465 -131.293
21.1896 123.487
-36.0875 55.6099
111.784 -173.31
175.479 -169.651
288.665 -42.9674
259.34 19.1873
295.524 -30.7403
184.577 123.399
182.92 -34.0985
-8.65946 122.733
92.3358 124.278
91.061 -15.6937
263.188 27.9948
276.084 -14.7093
169.271 4.14537
69.967 -148.918
39.3531 -34.8336
99.2452 -19.7309
16.3373 -136.352
58.0061 43.4845
-1.26652 96.5727
146.133 -23.2418
158.466 -13.3105
121.748 101.631
85.3055 -170.659
93.3312 123.38
233.827 -43.9798
39.4868 26.9431
114.314 -162.195
130.907 122.132
242.321 -128.111
13.5921 91.1129
101.127 -4.46811
223.708 -130.634
163.838 -49.5728
-17.6329 -50.4182
-19.3516 -111.325
158.728 -113.496
86.2363 155.653
22.4616 7.63813
-2.66531 89.2569
91.0075 96.9094
2.55886 -97.4414
176.906 116.58
36.399 130.649
156.256 -122.703
169.104 -109.18
41.2478 -111.172
147.284 -22.5587
291.459 50.5912
141.916 70.3078
164.077 -29.0126
107.108 -8.38343
166.475 -28.7257
76.88 97.3111
175.853 108.727
34.7424 82.0308
-42.0334 -76.7129
20.9695 -71.7049
65.4568 38.5713
283.822 -5.56181
194.915 7.42366
133.1 -12.9916
-8.73209 81.634
227.364 -126.4
228.033 136.298
41.8565 134.161
267.913 -16.7989
-4.12017 -94.9998
26.8475 -88.4187
213.195 -76.9077
213.2 81.5072
234.573 -137.554
215.603 -82.23
41.2255 -45.5112
188.176 -36.0657
83.3568 -91.9237
165.155 117.746
285.093 -48.7137
165.832 -149.924
205.516 -106.501
211.496 90.9933
255.773 92.3465
73.3845 -90.6893
96.8739 -18.7568
8.01633 97.8183
189.618 108.516
-46.7244 6.41428
172.582 109.91
246.958 123.031
161.939 -44.2904
44.3648 -9.31269
65.0745 118.46
87.2461 -168.291
224.933 -23.9317
287.788 17.0057
121.281 178.87
87.5688 57.8603
164.403 105.345
120.248 -84.6448
159.353 -42.5547
-22.7515 62.9046
113.591 8.52895
3.61243 94.8893
140.742 43.9304
5.94851 130.155
137.029 59.3878
60.1165 153.329
95.579 -159.465
250.196 -95.7482
110.269 113.764
161.181 -83.9936
195.674 50.1845
29.3659 -111.828
157.063 -18.8839
173.19 -35.1504
147.301 -55.0854
159.433 -87.3879
7.31425 -129.359
294.364 -4.17129
145.058 139.052
112.04 -16.5192
-49.7477 45.467
107.039 -56.4128
3.31493 63.1209
-16.8604 -18.396
223.748 -40.6584
40.0663 26.9632
95.2661 38.826
172.286 140.771
126.07 -63.7753
56.289 -15.3235
204.483 -137.927
31.775 -126.257
150.313 -29.7032
212.355 50.5434
45.6288 27.8919
4.65581 41.68
182.542 -77.655
44.9532 106.563
227.636 -78.2862
-50.9525 -29.1642
123.971 50.5953
101.225 177.79
138.574 -40.7926
54.0407 -81.3768
-18.8492 7.86883
225.355 -69.429
216.189 150.373
-15.83 -1.73146
60.7553 -88.9398
190.263 -25.8828
222.847 10.0396
101.534 104.974
226.082 27.8103
166.415 -122.992
153.711 -120.107
-44.8036 -15.6611
25.471 -59.9178
22.8264 -112.705
72.0575 21.6978
60.7733 51.9905
100.635 -34.0443
52.2095 116.605
81.2472 -142.666
189.491 -6.53179
242.439 -5.86404
53.483 71.7669
101.3 104.589
-0.749403 -42.6306
64.6414 129.573
198.816 -155.026
227.746 -59.5887
94.3267 -87.1189
111.058 -164.986
97.1897 13.9016
253.674 63.0077
189.173 -103.666
-31.2296 -44.2108
27.1706 -89.3163
25.1661 -142.463
21.7597 -41.5827
287.815 10.3133
143.434 129.519
173.911 160.204
-32.8467 62.0969
99.6226 -69.3832
179.025 -169.144
210.578 -101.031
33.2507 45.6579
-27.3797 21.1803
90.016 22.1972
247.897 63.9339
108.539 64.8853
-5.35848 123.815
174.151 169.705
38.6344 -68.7149
179.587 -53.2416
138.492 -46.9073
41.7951 -35.9297
98.3743 -167.564
22.7681 6.71905
20.9064 7.25975
56.8606 -79.5921
164.513 -142.476
211.13 -127.178
204.206 -157.01
85.2207 27.3687
150.77 -141.829
-48.9941 50.6077
41.7023 58.0315
266.271 -16.6228
182.164 34.2514
-16.5388 69.1989
268.467 -52.4758
91.0601 -156.432
-14.4155 44.1582
103.557 96.1463
234.783 0.270689
-26.479 -100.041
169.036 69.1011
75.862 112.411
72.8504 30.1456
77.4719 96.5811
97.0693 -74.277
49.2484 -162.6
-49.7027 7.94371
-40.1586 -47.828
222.653 -115.93
119.259 -115.503
121.263 121.897
118.435 111.361
-40.5451 2.47342
58.7938 46.2102
111.098 94.0102
76.8848 71.9723
137.925 91.6674
45.7884 60.7039
108.906 102.036
239.373 -0.990816
261.017 20.6588
54.7743 -4.28073
-25.2865 30.0575
74.3205 38.2734
227.935 133.272
229.1 33.3491
146.729 -1.71422
121.907 -8.00692
47.5787 28.7742
66.6092 -99.1455
104.739 49.3732
68.3315 21.6034
142.726 -30.9577
28.4856 -46.9355
-33.4988 -8.47176
167.283 -55.9512
193.82 -153.081
218.426 30.7242
-16.5198 84.0893
236.42 -112.441
47.5166 -11.4007
79.7266 -160.812
224.52 -6.58775
147.982 173.498
219.453 -50.48
47.9648 -152.539
-15.7305 85.8125
83.0066 135.934
162.07 -72.169
163.657 117.629
132.57 -172.247
-32.492 88.0973
226.294 -56.672
13.4259 -107.99
-5.01143 40.2888
197.584 -122.203
-9.10333 91.2212
59.3271 -67.5989
62.8839 -36.1312
198.246 -118.928
157.687 131.781
67.0303 22.8813
245.89 -112.831
100.204 -147.087
54.8159 -48.9392
89.0097 -109.999
93.8092 112.36
-11.8428 69.2924
96.3691 43.6337
258.847 -70.6735
247.892 -2.10798
225.717 -120.373
111.191 -169.898
202.49 -71.2478
140.293 34.3132
39.223 -2.26919
63.765 -166.952
182.35 32.6688
130.466 -41.8586
146.978 56.7228
66.4362 123.843
45.9603 -136.471
213.07 113.402
18.0514 -135.644
101.595 126.77
127.712 -177.659
14.4289 47.5519
155.38 -32.2077
234.159 75.7397
178.284 56.9071
281.387 9.73115
249.786 14.4213
273.575 11.1221
133.141 -30.6261
11.5676 -19.0687
31.2746 18.4041
105.149 -34.9503
175.303 -58.7188
239.25 -109.72
166.813 41.6078
-55.4881 -0.543662
199.543 -32.2024
245.481 16.7141
132.872 47.3238
127.648 -2.79456
49.0343 -140.593
181.543 -152.993
54.8406 52.7203
-26.7062 14.8719
171.018 -103.907
197.358 108.592
117.914 -41.6317
8.33076 94.8663
34.061 -33.8503
107.619 32.1857
158.653 141.684
61.0427 -139.748
-39.3296 28.332
27.0815 -18.5499
178.167 146.486
117.529 120.293
143.116 -90.7162
94.6579 141.839
192.396 -135.182
237.99 -132.521
259.059 110.782
70.8818 162.167
24.9986 -12.5351
163.832 165.395
130.114 129.063
11.0614 -6.68661
-48.0513 -6.12996
248.065 58.9833
252.033 84.239
228.456 -109.848
142.238 86.3745
58.8742 5.60818
-53.8789 36.5313
47.1687 -49.3124
139.381 167.862
116.825 -115.748
68.815 164.672
102.731 112.257
131.941 -16.8892
105.913 10.8659
155.418 23.8789
-40.9526 53.0171
61.7439 -94.2767
89.7643 133.037
172.323 -3.94511
-22.4935 6.27745
49.8834 110.408
191.961 -53.8331
156.922 -170.827
-38.4778 21.5149
229.235 65.598
88.7279 -70.5288
12.8148 35.5876
119.55 57.0604
179.502 56.8775
212.245 -6.56894
232.244 42.2427
82.0606 77.5011
26.4245 -147.51
116.558 -115.356
235.397 -32.6792
-29.6059 60.8702
162.743 -5.08638
107.395 107.988
59.9672 117.132
230.854 113.253
201.266 26.7722
185.882 66.9356
208.102 1.18656
122.755 -165.085
110.824 -148.234
179.139 8.20145
78.5653 -65.2329
132.952 111.479
70.9652 -17.5161
203.536 129.489
98.8441 -129.563
-15.5154 -67.724
273.261 -74.1821
166.832 -155.074
74.4796 -64.1148
30.9804 70.8004
254.005 -59.9219
-32.6954 -60.6079
13.6919 -133.909
127.848 98.4261
-28.6262 -26.3524
52.5101 -136.812
40.3428 46.4997
190.889 29.8124
-1.74389 -91.3867
190.2 -44.7844
65.4597 60.0769
29.0701 81.6253
179.19 -114.123
33.3551 -93.098
179.671 -70.8387
150.232 129.926
-22.9134 -101.983
-1.21519 72.7924
171.345 -152.931
58.2209 7.45571
34.8829 47.0725
-38.9953 35.8131
3.52713 -0.210129
223.656 93.4791
154.01 -18.4115
51.9663 6.92142
75.791 -64.5631
209.305 55.5804
124.918 171.983
163.694 146.798
226.954 69.7533
177.95 -42.1928
78.7604 70.0307
114.86 37.4687
221.543 116.218
204.681 -150.927
126.469 143.456
132.774 46.4763
202.653 11.5792
175.451 -170.705
145.93 143.533
22.6948 -29.3493
40.7486 -121.152
227.876 72.6746
44.2275 128.402
242.511 -130.928
71.9692 64.1694
50.4266 -0.00211466
145.962 -151.75
168.057 -4.97224
105.174 80.9186
250.349 97.1175
76.7837 159.361
46.0634 0.571422
215.953 -60.7245
173.403 6.97398
103.852 31.813
-4.72884 -67.1516
-28.6383 -56.5555
131.038 -155.795
267.173 12.4757
115.084 -117.359
62.6778 37.037
179.666 -144.028
98.6283 -18.1867
263.089 6.09125
125.413 177.843
-41.2905 -76.6561
228.865 124.476
82.5685 -97.3476
74.8065 106.236
149.291 126.365
233.416 -44.8472
138.668 104.214
152.531 67.181
-9.80213 29.893
77.7249 152.772
16.6446 87.1345
167.66 -67.9322
239.622 -21.5328
139.793 33.1529
0.0649905 5.61608
64.3207 -86.433
238.407 12.709
105.966 -176.218
8.92263 62.468
41.8427 -99.3871
1.91081 -131.597
266.567 74.2305
135.38 -166.221
135.728 152.493
160.057 -54.0444
92.7123 -104.656
136.88 -160.464
243.69 -72.676
75.3583 131.98
251.04 111.819
257.805 98.6203
232.506 99.1921
-12.3109 100.097
140.1 -71.5216
61.9377 -70.7464
184.324 -53.7786
64.4377 -148.755
134.083 -148.868
95.2594 -116.665
112.896 -77.9024
-36.3293 -62.0816
272.514 -42.139
107.048 40.4381
34.0812 -157.869
140.061 147.439
52.2952 50.1482
173.646 19.996
45.0536 163.053
216.235 29.5978
279.586 74.7011
21.7451 24.5365
93.5658 36.6867
140.888 174.066
52.2319 160.178
142.512 -8.77722
104.641 -103.948
126.331 -56.8485
17.5671 90.0935
45.332 -109.644
65.4892 -72.9876
-39.2268 62.1064
51.6813 -154.417
68.7296 122.612
4.54446 3.55502
53.3122 14.0886
239.016 -42.8414
281.659 -8.50958
229.763 6.15455
56.7847 -65.6844
13.381 38.1648
212.616 4.28366
54.4186 -52.2946
35.6455 154.535
102.643 -55.3331
80.9154 -60.2651
138.327 162.379
226.396 128.136
117.36 81.1872
218.797 102.986
39.3394 -48.7184
0.757421 -111.327
238.653 29.4825
76.077 -108.113
208.066 -95.6032
216.667 -17.4055
114.756 64.4289
122.571 -142.195
-48.9929 -26.2239
118.998 32.7308
208.983 24.0834
102.612 62.7048
-10.7364 104.977
140.77 -7.51563
93.6201 106.317
274.653 -5.53208
271.336 -89.7737
12.9948 77.8248
187.032 152.171
118.579 -108.453
129.561 -152.46
156.715 111.805
77.8041 156.845
186.329 -126.41
83.988 -91.4879
-1.96795 3.23128
191.129 150.318
264.712 -32.8643
135.402 -151.386
231.928 51.5421
-29.4984 80.2163
177.37 46.2849
137.701 -123.727
111.201 -151.073
135.067 -38.2649
147.986 16.5909
202.154 81.3943
36.2697 86.3326
41.8815 57.2009
120.67 -42.5098
36.4547 -108.776
93.3274 -117.104
134.048 -156.442
130.163 -95.8201
231.058 107.872
-26.9242 -8.59464
95.3165 -19.9354
38.3348 107.74
-12.5269 -111.199
128.333 72.2685
227.923 -57.188
-27.2616 -45.8357
175.424 -6.0142
220.19 -95.3997
74.3529 89.15
293.917 43.1115
283.197 -36.0029
27.6324 49.4314
184.258 -32.5245
156.311 -84.2945
24.9532 -102.296
41.1286 122.891
131.401 -73.0152
-56.7248 -27.4585
-21.1604 -90.6611
-6.19271 59.4395
245.765 24.9317
46.9886 129.324
111.973 155.998
168.035 154.164
-45.505 -51.036
190.136 136.687
153.904 141.368
135.813 153.975
-5.99911 21.9527
213.721 -16.7665
-13.4962 -8.03538
66.1029 109.316
11.5684 -24.0287
-3.69693 -123.69
-10.1998 -123.283
97.9981 -118.053
-50.2216 41.0786
274.664 -13.2024
190.609 158.407
255.292 34.391
65.6055 60.5168
36.5769 12.6685
231.873 104.495
-14.581 83.4566
164.791 1.72883
275.453 60.4763
73.0862 160.355
184.507 -96.9581
201.628 -125.232
82.2341 -39.3079
102.684 55.7402
17.4293 11.2037
254.955 -63.7585
160.552 21.674
115.544 111.489
225.149 38.3283
153.172 47.0008
188.392 106.148
31.0222 147.583
74.865 -150.04
81.5787 140.927
13.1771 -55.4405
76.9681 -71.6031
-20.4667 -70.5625
285.436 30.9289
3.38959 109.469
159.064 31.1643
143.766 171.972
63.1657 -101.435
-17.4648 -103.302
128 132.682
102.793 89.0861
162.543 101.469
30.9212 61.8564
150.217 39.3316
187.762 -101.32
164.061 103.203
183.274 73.386
135.679 147.281
68.631 57.7427
148.383 -67.7092
258.411 -82.6934
4.6378 -42.6827
159.251 -130.156
104.266 -44.1341
207.397 31.1353
116.758 -30.4227
238.217 -133.152
42.7896 -88.3908
175.181 86.3249
291.433 -8.43759
143.585 -61.6375
-16.2448 73.7794
150.12 -125.802
3.4724 -20.4381
116.03 -62.6501
115.285 -143.834
125.902 -173.383
261.477 21.4695
270.779 10.6394
260.592 -13.5533
112.073 -140.659
184.948 -123.969
158.747 41.8981
49.1552 153.046
291.001 -11.7745
261.378 32.8353
79.0738 -113.225
203.983 141.199
1.55847 116.926
270.454 -79.5515
35.219 6.16886
122.259 -72.904
190.97 34.5322
0.223298 122.252
267.17 14.2386
242.71 -116.672
106.061 -178.848
241.046 128.878
24.5316 37.2732
145.147 24.0762
-2.29201 -66.591
252.154 -98.4759
276.981 -31.9681
-16.0826 26.7614
205.301 -157.893
127.783 -67.4198
205.316 6.66529
184.848 121.586
144.805 149.805
192.418 45.9936
104.712 72.0588
35.513 131.262
-0.982244 59.4532
243.353 -71.7122
89.1756 -2.62458
227.969 124.291
-24.8018 9.30972
4.09722 -9.90663
76.0649 107.029
12.9531 -74.0714
103.222 44.9961
94.3906 125.195
224.561 -105.722
-3.62882 82.1727
104.377 -0.904873
63.3409 -51.4199
7.85272 -102.437
27.8896 -81.8249
129.291 -91.0295
86.5157 156.526
166.276 -163.615
43.3991 -20.4148
250.557 -106.051
272.98 -64.4372
166.514 21.1867
82.845 19.9486
228.674 -102.039
-27.5733 37.2041
192.012 -45.1667
186.566 6.92572
81.1388 -12.0067
76.3968 160.459
151.897 160.965
112.129 3.3428
263.884 -3.27324
108.775 99.7058
205.425 -96.6247
139.741 121.778
106.41 -139.837
65.7083 136.84
252.167 47.1811
125.96 -5.24106
-50.3125 -28.3349
202.398 -26.5831
102.285 -73.7281
131.147 44.4296
40.2405 -135.38
117.285 -66.9677
217.966 -99.5883
141.535 -175.613
68.5544 -101.938
130.751 73.4274
226.815 29.819
128.389 86.4185
81.9347 94.2679
-52.4722 20.0127
17.0623 47.2882
63.0462 158.027
58.3426 -88.0983
140.506 162.124
167.094 -86.287
227.206 -125.49
198.441 -122.884
225.393 74.9053
157.703 -137.793
130.79 -115.824
-48.6726 -31.6194
96.2078 -28.0952
221.526 -122.6
258.924 45.2579
37.9343 66.4686
118.201 25.6053
51.1751 64.6819
201.909 28.161
55.9619 -151.13
276.772 -61.2996
72.5723 124.063
186.726 -44.5481
196.406 127.534
197.141 101.585
67.038 -15.3846
96.6998 117.362
50.1996 -25.5149
43.3364 53.1549
184.83 -46.1083
170.697 58.569
-6.44191 105.89
139.581 -136.705
211.99 138.555
41.2742 -23.5953
102.029 -152.021
-28.2305 -21.2852
187.358 -47.0164
97.1089 8.44385
120.004 143.224
89.3685 76.535
166.33 -130.926
182.867 -105.907
102.213 -95.2849
215.612 110.258
-34.661 5.73593
133.19 -109.774
256.712 98.878
-49.1173 25.7311
169.786 -46.325
212.423 93.9483
8.78603 5.11334
211.616 150.062
222.517 -121.092
188.612 124.658
236.044 48.4095
166.935 149.534
51.0897 -15.8369
215.267 -88.5209
236.25 88.2915
237.679 -2.46169
219.603 -27.2614
182.012 46.1788
266.958 -91.2296
299.414 -13.8445
261.04 -41.8967
-9.49056 111.08
49.314 -47.3611
232.582 88.4294
49.7496 -163.309
131.465 52.6984
150.223 39.5826
79.5929 157.532
69.9947 29.7321
51.0658 109.125
2.12871 -71.8811
166.244 20.8726
111.716 133.001
15.2805 71.438
-27.1521 -71.5666
75.631 17.5172
-48.3422 53.4295
28.3365 34.8081
138.285 -41.9204
165.537 128.523
182.833 -47.5778
73.5679 70.9238
197.122 -45.8695
157.736 47.2545
148.729 -87.7105
210.43 24.1768
236.736 -57.6807
191.577 -13.6497
229.668 36.2368
146.203 -75.9844
215.816 131.998
47.8779 -141.453
268.411 -93.4147
247.65 -84.1038
155.485 151.706
206.191 68.7936
31.0051 -127.018
40.3231 -151.446
65.0479 111.097
188.504 -5.70105
188.944 106.624
153.955 88.8664
80.197 14.2251
-9.88061 -77.7447
185.159 -93.5621
130.965 -4.38107
260.281 16.5288
214.42 -72.0507
67.1684 87.856
236.916 98.6571
57.7703 120.135
244.362 -96.6905
33.0187 149.369
57.7006 103.531
6.46817 -97.1489
65.9654 -101.198
-19.5868 -20.9943
291.42 -14.046
249.123 -32.8996
176.71 -163.069
128.827 -62.6455
224.399 139.954
200.396 51.9547
211.033 -17.7402
169.339 26.3548
168.178 -131.487
195.354 23.2095
184.344 133.577
-34.9913 87.519
229.476 -20.6334
9.74922 57.4798
219.977 117.893
195.483 146.37
48.8198 -117.547
296.375 -28.7017
272.336 62.8882
171.157 -51.6314
77.6342 -7.10415
146.086 48.679
53.3958 -32.7615
65.2497 -167.172
35.9127 -71.1653
216.985 -49.1083
57.5706 -77.8924
13.129 58.6206
75.4931 155.525
-7.1556 104.375
114.343 104.357
11.7722 51.9442
92.1399 34.9122
-47.6879 14.4769
278.022 67.6623
208.196 -68.2475
199.477 -115.167
-18.2373 -67.8853
225.862 -66.11
65.6862 65.9982
182.844 -142.779
172.509 120.499
237.45 -21.343
38.0017 69.8858
-22.8296 -89.7449
124.648 14.5878
8.35183 -68.1128
151.602 168.957
177.141 -66.9842
247.092 -79.0219
223.203 134.705
-20.5544 -17.6608
105.173 -125.914
52.9175 154.941
16.5812 62.6917
202.489 68.4051
62.1109 100.943
-21.6625 -16.1441
119.51 -141.122
198.505 135.668
165.907 -144.46
127.554 39.0872
141.539 -167.541
180.439 116.965
100.848 -105.854
215.697 -76.001
192.813 150.59
49.5791 -137.586
-54.7154 -33.1193
0.923352 90.5333
110.675 -32.3048
68.7307 -151.408
53.7315 107.382
20.9887 107.511
141.622 -174.783
144.349 -92.8006
264.185 -6.19338
223.272 -41.1016
252.599 -59.0418
212.738 -41.6743
156.366 -64.2919
55.4841 -109.947
241.821 132.158
75.9292 169.654
269.632 -74.3734
294.059 -30.7847
113.616 -124.176
272.345 61.9829
157.435 -48.6433
190.353 132.94
111.719 -169.166
48.4128 152.854
181.636 104.79
169.098 81.5397
229.345 109.673
294.504 -1.99339
3.85211 -12.9624
-11.3374 80.5703
154.789 126.94
78.4707 23.9328
238.385 -127.366
216.222 149.22
0.500204 -2.78206
71.6707 -11.109
182.585 -87.0599
117.366 72.8397
106.874 94.7151
46.2696 42.7818
274.806 9.55726
256.478 90.7898
86.2772 -96.0773
-10.1159 -59.1573
257.659 62.1755
-29.6479 71.5085
45.6359 40.1474
226.426 -51.5639
29.2136 -111.773
110.433 -72.0412
77.2249 120.318
135.096 116.951
249.96 -23.8815
83.8177 110.784
227.927 -12.8671
168.16 55.7206
135.526 -78.6842
25.1434 -67.1534
178.582 -49.2189
72.5726 123.901
138.083 17.6122
175.434 -7.32759
-16.5982 91.128
-55.7912 37.3652
-40.4003 -24.0109
13.7863 -19.5869
111.573 4.36039
230.136 -59.8952
158.84 52.8359
59.2673 -81.0939
44.9893 15.756
122.163 -40.2589
158.886 -96.133
80.9932 77.8504
138.291 -161.039
109.061 16.4665
29.0648 111.453
159.625 -13.5129
191.184 112.27
168.705 -136.494
212.965 -48.7902
172.279 24.8522
144.129 -56.5766
-28.779 6.50712
221.474 42.9248
258.109 -15.7951
175.821 -77.2326
156.001 119.756
248.91 -45.2833
-39.8388 25.7876
223.154 33.6134
87.7636 -16.0889
93.5409 131.931
70.0226 68.5198
40.5264 118.509
109.446 1.25153
16.2432 -90.0468
-0.157658 71.2491
249.44 46.0547
130.89 -121.507
-43.7711 21.7508
-17.9943 70.1182
117.797 -45.8194
8.74571 62.5059
130.626 170.527
123.434 1.3739
18.9097 -37.0556
142.724 162.886
-13.9587 35.3437
173.281 7.85434
216.614 150.559
42.5573 68.1164
101.939 -89.6752
159.696 -92.5076
34.7853 115.204
278.126 -12.0672
91.3579 -71.1112
236.475 -61.6352
226.906 8.74407
126.072 14.2062
142.705 92.1147
257.243 -13.3549
72.1969 168.236
225.641 -115.293
256.952 -64.8272
40.9828 -44.5397
28.693 88.2987
144.882 -103.396
12.4815 25.7596
64.2146 160.392
237.213 -43.9359
180.563 36.9556
147.9 29.9893
43.6908 65.2104
85.4924 90.2274
30.4996 -103.214
242.603 111.145
55.7203 -120.28
-2.82283 -37.4556
90.0771 169.191
264.491 4.16691
221.724 -65.6463
0.767342 -110.42
160.243 -54.3819
-33.2647 -29.0548
24.415 21.6457
44.6677 -102.617
232.02 137.179
16.7003 -90.5358
67.3771 3.57384
219.202 32.0649
48.6104 -117.716
-32.7805 28.9007
97.2736 138.645
149.443 52.6229
220.045 -71.8548
206.123 6.86436
108.403 -82.8418
182.904 -17.7226
219.261 57.8491
-35.5567 -8.12835
-15.3823 78.0274
100.539 84.9074
26.9926 -137.278
247.415 98.0896
142.037 -54.8332
6.15275 -104.461
213.121 -8.61942
64.1595 130.778
27.668 -126.387
229.459 -6.36619
-54.0943 -36.3311
62.3739 -149.854
28.2153 67.4095
212.157 83.6604
218.192 -142.646
183.322 -165.803
110.485 -100.698
19.4756 28.2549
241.375 106.786
-24.8382 42.1403
192.247 -19.6165
66.7422 -130.194
250.829 21.7005
63.9004 156.393
-14.5114 23.851
228.676 -136.772
131.743 53.7438
219.085 21.5673
33.8265 -132.498
168.521 -150.041
45.4327 32.7746
10.8235 -112.079
63.9354 -60.1742
123.227 -11.2967
49.0579 150.334
137.798 71.2211
7.05354 36.7677
250.506 -38.1137
209.1 79.1377
52.7092 -8.73712
284.303 -15.0132
12.3394 -3.80458
287.823 -59.0744
165.321 -112.019
278.24 -53.4985
17.6833 22.9975
62.1244 105.27
-50.9314 43.35
-15.0126 -2.87803
146.05 70.7448
-3.03851 -78.0438
184.005 -117.589
234.985 -136.005
223.43 -135.055
87.0061 -142.685
160.728 136.111
224.408 60.6856
20.9427 -145.669
90.9715 83.7801
-10.5414 -31.5637
189.735 120.531
173.224 45.0999
224.049 -58.1087
60.7985 -89.5698
64.4578 -152.925
278.02 20.4039
13.6307 131.189
-3.59741 -46.1211
237.664 54.41
207.335 148.221
105.437 -116.581
93.4671 74.5065
175.644 123.477
226.813 33.6442
263.094 67.426
71.399 65.0422
226.805 8.73181
90.5149 -80.0727
254.893 -9.71465
228.198 65.5954
96.2162 -48.3867
94.6101 69.514
-9.51864 -0.828015
36.4982 21.6877
177.547 -36.3883
20.7532 -23.1091
134.808 5.59676
234.366 127.414
126.762 150.519
118.859 68.6804
164.727 117.657
84.4966 -132.242
34.8273 -153.736
-7.34062 -109.617
-27.4448 16.5397
118.233 104.825
165.227 124.244
13.2803 40.4302
214.796 -13.1748
195.25 -78.5327
25.0975 -97.9184
71.7665 -139.286
170.202 53.6608
245.573 -21.7417
239.984 103.751
127.604 11.9477
132.161 46.1858
181.663 -75.7975
130.944 150.026
236.997 -57.5111
210.43 -132.23
86.7616 -163.675
136.836 -94.2756
-29.8506 -0.384245
227.808 140.016
75.3865 -5.88098
114.786 -39.3265
140.623 24.1643
150.16 -103.185
252.108 77.7234
249.204 -9.46506
32.9575 -118.201
166.108 -43.0608
83.756 156.448
-1.41007 28.1653
5.32014 51.9033
109.441 50.7067
-42.4343 45.831
126.019 -93.8314
-44.9432 3.27797
250.151 -117.881
38.8106 140.097
193.444 -86.6831
-55.8944 -23.6042
170.172 -68.1421
116.685 72.2026
-46.4362 32.5247
88.1924 24.0828
106.397 -48.8386
58.5803 -81.4487
44.9386 154.086
68.9856 92.4287
126.985 -75.4656
138.539 -152.378
225.67 -57.0369
55.2983 106.552
38.9912 34.6349
217.79 115.153
-26.124 82.5927
164.979 136.24
236.809 -117.115
-19.557 -61.7188
256.454 -6.47136
209.054 -82.1784
172.919 53.4001
140.697 -84.0235
222.322 120.695
150.741 -142.311
106.372 90.6084
245.153 42.1746
48.2433 149.761
-48.677 31.4699
-12.5054 118.093
181.475 138.01
10.9795 -93.2148
154.429 117.543
106.243 -7.48755
51.7848 -156.573
294.739 -25.6804
272.669 92.4766
190.891 110.511
53.0664 -148.845
136.814 -127.176
99.0408 168.636
145.317 112.971
125.871 -52.6135
26.5252 142.397
-16.4279 -92.4645
-30.504 63.1682
16.0588 116.215
25.3554 107.328
287.367 -25.4557
164.113 -85.3009
130.278 30.969
-14.9542 -63.1121
12.6579 -87.2591
126.696 35.4184
197.077 -76.3908
50.3237 -82.199
248.41 -21.8741
203.304 -72.2383
129.689 -158.502
83.8473 -168.445
76.4152 -0.606777
257.82 -68.2478
118.119 148.458
88.2333 -126.693
200.167 -2.98498
274.422 -86.5875
95.2957 56.3787
199.282 -86.1396
72.6245 -63.5847
75.6594 -27.3911
215.529 49.683
186.369 -101.205
29.8693 -125.183
26.0462 144.238
-22.9465 -101.365
137.062 -101.779
159.307 100.883
178.278 -163.764
111.5 -158.389
16.8796 -39.8982
161.594 -165.422
95.2847 -20.4394
-16.3528 -55.0525
160.309 -6.24293
12.673 -52.3794
35.9322 -5.1456
-55.3159 35.8158
-17.2367 45.3643
-9.43344 -59.2707
125.969 -102.184
276.468 87.3209
146.418 125.598
212.628 -5.34453
119.995 -49.7168
86.5355 -140.976
192.473 79.8068
131.245 87.2661
36.9502 39.2659
204.245 79.6657
208.534 -12.6367
195.724 96.6766
91.069 -145.315
10.0664 -88.9734
22.6698 -143.506
186.926 94.3473
-35.6331 -20.6844
108.268 -73.7248
45.7749 79.9486
180.985 50.2999
106.973 -163.314
24.5663 -11.8327
294.011 24.4292
207.593 58.8095
111.051 83.8386
289.059 -14.9797
237.903 42.1439
83.7658 2.90651
71.4047 -0.504489
146.86 -124.412
-42.01 13.1249
35.0954 30.4923
39.3178 -157.196
84.0926 170.244
106.805 -142.38
195.839 122.635
114.604 -21.203
228.265 102.031
193.805 73.3605
286.663 65.318
125.915 -64.9725
237.755 -122.785
218.728 -20.6206
49.8113 -88.8733
251.605 106.369
152.76 117.63
225.438 6.51204
91.044 -29.2904
138.981 169.035
216.422 -126.45
241.384 -47.9927
205.918 131.136
20.2918 133.874
225.004 -99.1763
123.104 -138.074
119.907 61.2495
294.733 26.1217
106.729 -133.244
-27.9776 66.5747
181.88 -39.6563
2.91365 -54.2655
23.2565 -40.3192
196.061 -16.1056
85.9162 110.405
-7.18637 49.1634
275.884 -17.8959
134.664 98.941
222.381 -73.7154
146.731 83.5365
19.2694 23.1005
123.642 -18.8032
78.2508 20.3529
-42.3994 68.0102
138.296 -146.35
51.364 -30.9962
80.5748 23.136
-9.17928 -109.947
185.525 -127.049
90.3873 58.2259
185.443 157.921
272.845 -20.3402
40.799 -121.676
161.108 158.945
41.225 79.1636
201.391 48.0217
110.619 4.98692
181.638 7.74088
197.947 -3.51238
292.743 -17.0026
10.8724 -14.5609
242.091 113.345
115.05 153.828
36.7865 -100.682
62.3156 -88.4979
159.007 70.0913
35.417 -14.7294
85.8869 -47.4996
198.535 76.2698
0.692383 89.747
74.2417 -150.415
-36.0737 45.3813
239.96 80.8815
185.552 -74.6064
221.315 66.8374
52.181 -161.883
164.6 85.7458
-47.6985 -31.6084
14.4883 81.4178
191.155 -157.813
196.026 86.4792
111.104 -178.041
119.736 98.7093
147.136 130.183
113.994 -107.085
35.6512 47.824
234.515 -3.01464
197.59 -143.718
-47.1559 34.8537
113.647 161.546
-43.9736 52.7714
219.713 18.6619
175.376 -156.47
269.251 42.8645
270.114 97.4168
49.8357 60.0032
126.561 169.031
116.079 -178.508
46.5574 118.317
230.106 -79.0308
163.2 -45.8193
80.1686 -84.1979
81.5723 10.167
2.22044 77.5776
15.4376 -78.7318
7.11712 98.1474
174.071 -109.438
100.517 -74.8983
225.377 -117.952
282.156 14.8457
69.7446 142.166
173.796 7.73352
219.523 -30.1886
266.523 -103.061
41.7415 73.9072
11.4235 -55.1414
233.387 -134.22
-18.6114 -25.8013
73.3381 -2.67143
231.86 -37.8833
173.547 42.3374
221.105 -14.3124
37.9853 -42.5815
257.12 -81.7403
276.14 -27.4532
192.468 -67.0541
149.274 -72.3852
108.688 -95.3892
209.97 -120.379
69.7692 119.873
243.785 122.838
287.607 41.5933
37.2812 -6.08105
145.329 69.4662
166.78 -92.4636
89.7139 156.026
-4.63814 97.315
103.476 149.746
152.188 96.0848
203.756 -80.4631
-8.66084 -3.32945
2.46406 -55.4858
33.3615 -64.1193
55.4376 -74.9828
-53.5885 -18.3054
254.142 84.676
60.2536 53.6159
225.259 68.4968
217.802 -35.0495
198.107 -50.072
29.712 52.6531
79.7717 -134.45
39.5919 134.694
40.3728 -20.3682
123.165 171.655
115.66 -21.0621
216.058 61.1905
107.576 -146.417
201.415 137.373
79.0062 78.152
38.6681 71.8358
103.632 16.2126
18.2596 94.5977
58.0403 -97.7083
6.52671 28.3042
42.6649 43.7341
242.824 -98.3752
209.683 -49.5774
18.9782 -79.5077
-28.2112 -60.296
28.8173 -103.944
157.052 -72.9985
168.356 -144.089
152.616 -135.749
-20.2724 40.6607
241.592 -31.2805
210.207 93.7201
143.338 13.834
193.031 64.3188
74.7413 143.276
89.5647 -142.232
36.0323 -3.16216
63.0237 145.073
231.777 5.00108
73.6748 -142.682
229.722 -31.0074
269.745 53.0321
144.109 29.5761
97.1581 150.567
7.00018 -20.8876
58.1325 59.5329
7.63462 -111.849
113.707 4.94403
180.17 -3.57122
143.924 -161.343
245.129 -6.07243
135.099 178.375
118.276 -59.7032
120.918 133.451
32.6603 33.1043
258.86 108.759
112.304 145.921
242.845 94.8518
92.1992 8.87416
257.128 -29.0216
99.2 -48.5724
31.3034 -71.8198
153.056 38.7963
181.676 21.0664
292.095 -3.54351
67.2743 -14.8991
-27.8034 16.8714
164.505 -31.4864
274.031 51.8141
186.769 158.839
126.524 -69.6135
85.6105 116.329
175.115 151.691
156.781 -156.64
267.323 -53.3356
1.46409 132.912
1.19574 107.201
48.7711 -148.023
75.8622 170.891
69.8628 -39.4946
65.641 -12.116
-41.9683 -4.06355
127.41 -39.6334
-42.2885 -44.6213
92.6197 43.1133
-11.9879 -33.5711
207.037 -101.783
135.277 -105.34
226.111 -109.681
169.512 153.846
241.792 -34.8176
242.607 76.0871
72.7817 112.367
153.843 -74.3657
-29.903 -80.4609
28.3433 -100.081
222.163 -53.6194
61.7109 100.269
0.381636 -70.4356
102.9 24.7237
190.369 -49.6687
10.5563 64.9066
-29.2817 -2.59803
240.146 -121.67
148.318 -117.785
141.618 3.60196
216.581 51.2501
146.964 18.8152
87.8286 -17.2731
100.117 64.9919
238.386 106.404
25.2509 -62.2295
37.0983 120.335
154.89 -169.868
71.5163 -133.344
-16.0181 -67.1387
-45.8655 -38.8178
-16.0263 -72.7496
216.129 79.5246
33.966 157.592
189.819 19.0452
209.585 109.551
232.542 107.985
35.4994 69.3171
33.7933 -66.7239
163.64 48.8786
165.926 -126.657
228.364 -101.522
168.164 -24.648
31.7995 21.9194
202.43 -79.9291
266.022 -98.803
-8.80931 60.9054
163.939 -2.54666
279.495 78.2829
157.633 158.902
-18.3496 -50.8294
293.635 6.21532
69.5202 85.365
58.3395 -80.8779
284.978 -25.395
172.735 -91.1509
271.386 -79.3228
283.567 39.4454
243.878 59.5057
166.091 -133.718
4.72054 -54.5137
79.4776 29.1696
20.4727 -120.583
192.732 118.699
146.481 172.779
247.44 -16.5361
100.352 -85.8868
295.249 -23.8198
169.524 -61.5307
-9.25596 104.125
265.403 -55.3438
194.203 92.9132
125.804 26.2851
232.131 50.3836
-3.90733 63.2556
83.8249 -81.8537
21.7764 142.99
76.2394 -57.4605
-3.40835 -4.3943
230.848 -114.545
61.894 156.122
240.379 -119.025
4.73205 -128.14
35.3887 -146.394
144.179 67.5973
192.738 141.477
100.305 102.46
184.638 -48.0649
193.245 -154.177
162.588 -134.205
292.18 24.118
118.485 -100.565
73.2201 108.934
255.25 -7.54141
206.203 126.008
-31.6122 -51.8397
119.435 -148.991
156.844 -95.4998
211.365 -58.8693
55.7318 23.4001
-29.2179 -59.4902
69.5198 57.5607
145.111 170.7
288.888 -18.3149
141.788 7.52707
109.256 87.6322
22.1638 91.0885
170.255 164.997
111.22 132.75
172.985 50.3967
34.6755 13.6198
80.1898 -117.246
185.416 84.6917
47.153 -99.1138
249.537 105.702
7.49698 -24.779
82.6452 -160.61
85.9788 -55.1455
94.4819 -82.3828
116.241 -74.2106
69.7289 -47.6581
118.776 -166.035
249.305 66.5006
181.911 95.7167
105.377 139.935
-58.9031 -4.17627
-15.5978 -109.508
-31.7616 49.0003
236.399 74.1364
260.876 -11.5968
161.457 106.197
-11.31 -99.3274
262.962 -96.682
58.0033 -89.5153
-49.4084 31.7194
162.027 -131.677
12.0213 51.6504
135.526 -165.664
114.237 149.575
15.3004 -6.80622
99.6559 45.3766
44.5053 92.832
-34.5897 59.725
210.77 69.6304
234.408 -12.9528
224.371 -79.1297
-39.7745 20.403
174.741 69.1809
135.598 16.2887
251.268 41.719
20.0683 69.9514
173.774 -61.4771
57.0168 -153.977
117.058 -149.254
41.1682 -120.316
279.372 -67.2722
4.21546 109.245
117.785 -59.2636
113.878 50.6385
45.9047 -155.093
83.154 -136.203
18.302 114.562
9.22415 108.641
218.361 6.82914
63.8421 20.3279
-7.43437 113.428
139.833 -173.191
160.551 -34.4353
181.728 136.72
-0.434831 68.0678
194.061 -49.7314
141.09 -112.358
272.911 47.4169
29.1545 -119.172
292.257 6.80822
-49.0951 -12.4734
92.3439 -146.473
50.1239 -4.07312
-7.68556 -82.8511
228.141 -123.781
125.749 135.459
-7.1293 -37.8267
209.231 30.0475
97.777 147.61
220.076 -144.299
54.0401 -140.371
67.3017 116.008
159.163 12.963
190.019 120.01
144.739 56.2583
44.8217 33.0726
113.955 70.9741
-31.0595 -32.2069
128.759 9.16985
195.356 132.759
246.144 -76.7527
56.2672 99.6223
-2.57178 130.517
127.764 -99.7135
155.576 -30.8682
98.1193 -92.3582
41.7425 119.282
43.895 -96.5164
174.635 16.1667
134.647 131.794
261.587 -11.8089
39.7502 40.2196
126.329 111.882
151.815 -130.924
-28.7606 -56.7783
185.174 -132.396
262.428 -16.0953
145.091 161.165
27.2479 125.519
-36.0269 -41.3075
-15.5106 -65.3885
58.6184 -125.139
137.769 -81.2641
251.112 -82.9475
-36.4823 -18.0781
121.517 64.4717
90.5232 -113.719
119.698 79.9742
1.24327 2.32595
38.7934 -24.3474
7.9582 -92.2226
112.453 -72.4003
52.5313 23.8311
148.624 -131.947
-45.1906 64.3367
21.5358 109.651
72.2309 116.878
266.671 86.0812
105.109 -66.6381
159.857 46.5017
215.976 23.9965
131.767 105.761
138.193 98.5864
75.0907 -114.433
178.214 -138.438
200.211 139.718
7.96587 16.382
1.48741 -84.5894
103.921 -156.267
124.73 18.1558
205.786 104.612
-28.6895 42.8988
257.228 -44.9762
288.019 -35.965
159.832 175.129
28.0881 28.5342
34.5647 127.121
260.614 12.4394
-19.132 18.6251
79.091 65.5385
107.449 -21.5543
64.6363 -112.376
-30.3203 -29.6705
224.366 44.1944
152.354 -52.584
222.663 -25.7192
154.077 -136.979
131.724 -155.681
175.954 -61.8597
82.5227 -169.752
38.9059 68.6649
53.7205 60.9906
137.049 63.0571
36.2574 6.26615
221.854 -105.774
187.554 52.6309
247.536 97.0774
12.8738 77.8232
86.4868 62.7109
287.711 60.0462
179.042 152.75
239.808 -66.5763
156.488 -5.25704
9.85686 -38.8644
55.2376 40.0842
215.001 37.9794
205.653 -107.448
55.6367 -37.1546
258.466 43.1699
118.018 -94.7016
281.582 37.6258
-32.873 -76.9126
236.812 -88.6827
90.109 18.305
10.7018 114.732
150.029 -88.0201
168.289 -39.8811
256.807 4.24715
-16.1904 110.207
298.106 -17.8995
82.6298 62.1082
80.8476 -70.7332
-43.3227 -51.4018
134.681 -75.9619
191.33 110.761
280.749 -53.1888
-12.7841 -86.1675
132.838 -81.2244
77.884 -66.829
104.995 29.2701
293.101 47.9639
-28.719 37.9272
198.295 -38.7438
191.167 158.748
183.216 -160.426
199.706 -29.6675
181.661 15.5453
-19.3595 -82.0693
20.6154 142.537
-20.4088 -70.6686
100.811 -86.9837
148.769 2.12066
180.006 6.4794
58.403 4.63939
140.24 28.2936
132.6 -109.715
-44.8444 -39.1339
122.636 -116.234
141.787 -65.4351
135.014 17.8858
264.442 19.9493
-12.4921 -120.032
185.686 -164.177
2.2816 -23.5907
209.578 -41.8334
168.367 -90.576
47.6717 144.461
80.1988 109.782
20.6717 -113.805
280.736 72.789
53.7957 157.032
7.34063 -117.704
53.5887 -63.1769
26.0479 79.283
263.691 -4.92528
172.025 -17.3628
175.028 58.4835
-23.1554 -106.951
6.6571 -9.36433
12.5002 -121.042
151.256 77.7864
274.018 82.7701
248.433 -78.9775
130.072 -119.68
214.675 -37.2729
265.348 96.845
59.1462 -42.9702
29.1921 -47.2786
131.862 178.509
4.95502 -132.695
150.19 107.68
117.453 -84.1598
218.737 75.4807
134.464 -62.4832
184.01 20.2208
82.6434 39.7572
257.051 76.2628
285.906 -20.1765
104.159 138.601
-46.608 28.5092
190.624 60.8565
-8.32807 37.824
80.0981 -50.0772
-9.4157 -113.762
10.9991 19.3585
112.642 -54.1136
74.4289 17.3888
92.0802 45.977
253.035 -99.4879
-36.5303 27.7925
168.768 9.20892
-25.0418 -16.4428
221.974 48.3948
177.261 -33.7138
73.7711 88.2272
174.935 153.255
113.904 14.5714
191.284 -22.5186
25.627 107.775
159.765 42.3673
10.6498 122.273
200.264 23.4449
82.3163 -70.5424
42.5736 109.857
96.6892 144.296
157.524 110.33
117.812 10.2745
103.211 74.2816
54.3073 -1.57879
200.454 40.2317
211.457 154.856
102.866 -58.3534
82.8678 -94.4795
-19.8266 50.2391
24.5357 -35.9864
240.138 -45.5725
178.539 126.853
127.704 -138.831
89.9863 -124.021
242.361 94.9837
171.871 -151.378
70.7101 -108.483
176.119 -122.873
283.903 57.2869
1.43243 -57.9397
54.4258 34.3887
246.246 -115.289
94.9294 -14.7583
78.1693 23.7137
191.778 -3.84424
86.8967 108.524
194.714 -106.734
132.117 -121.284
107.95 28.3658
19.7252 -117.418
250.926 -32.5573
-20.3454 45.5245
266.478 -92.1226
139.119 40.2213
122.996 21.8619
27.6466 -149.937
142.245 -83.7072
161.396 61.0167
294.281 -0.359813
-26.0051 -41.581
110.947 -98.5105
141.606 -132.293
217.602 -3.48726
65.4459 124.055
100.83 42.3537
187.821 34.0226
162.026 -57.1008
50.3942 156.725
252.197 88.6534
157.598 88.8995
113.85 69.3539
-40.2966 -5.41035
118.511 -28.4143
52.0316 140.059
16.0577 30.1216
27.0212 -144.588
41.3247 51.9082
239.785 -112.84
198.071 -50.3793
180.616 80.8197
183.483 -158.462
70.0266 -172.041
-35.9465 33.1407
65.0172 50.5595
253.846 88.9344
104.203 116.314
183.589 -49.1563
-0.220487 -102.286
202.112 -81.3085
141.414 61.14
117.073 11.3152
47.5259 52.1334
198.231 -46.4816
58.2174 9.48513
20.0812 107.571
233.025 -5.32524
17.6041 -8.66345
140.739 -107.405
236.769 90.7024
-5.64001 80.4797
85.5702 114.499
72.1941 109.685
216.826 132.028
2.10462 -57.8973
288.511 -53.0923
25.6248 99.5576
116.404 -175.517
172.216 165.49
1.97284 -56.6861
57.0445 -83.2336
133.873 -137.196
56.7181 -112.541
91.8342 122.472
-5.91146 68.9093
79.806 63.6873
16.0371 -71.8687
150.408 7.43105
9.42791 139.42
-11.126 -79.2389
121.351 122.982
190.698 -19.302
46.9611 -34.7673
75.6944 78.2106
83.101 -13.9268
56.1327 140.532
272.053 -74.1283
19.5363 -109.796
201.307 101.379
78.9961 -10.417
96.7399 175.318
11.3013 73.2233
73.1322 71.7052
275.302 63.4574
120.722 -68.3559
243.085 129.494
72.6071 20.3005
99.6256 70.6317
124.424 -139.353
90.7456 43.3619
170.157 -11.8258
233.192 -14.3965
66.9349 -14.6726
64.2499 -127.457
17.6338 -96.6255
66.3099 -109.653
247.768 -55.5117
12.69 97.2054
-45.7576 -4.65359
232.678 86.3854
90.5999 66.4415
146.756 42.2091
265.528 -49.1661
189.151 -13.7438
244.793 30.9415
95.7835 -77.9121
50.3936 91.4422
80.9792 -72.2866
119.808 121.454
136.443 20.9986
189.955 129.796
151.921 80.4938
123.415 -36.2495
57.489 -131.601
67.7979 75.4821
35.3034 -48.1659
183.88 -116.133
67.2576 9.45962
232.699 -96.7316
85.9607 56.3118
279.817 -54.9115
144.582 175.01
135.041 54.3991
268.567 -95.7338
-39.5278 32.5752
258.128 -80.0763
186.133 70.1873
107.474 -114.921
189.879 90.1088
117.702 43.7781
79.0449 -154.911
-15.2975 -86.0496
180.646 151.828
120.654 -149.003
187.884 3.29097
164.613 127.467
191.814 -92.6267
200.659 -119.564
-31.2341 75.0601
203.022 18.7053
234.026 -135.922
